Dst Port,Protocol,Timestamp,Flow Duration,Tot Fwd Pkts,Tot Bwd Pkts,TotLen Fwd Pkts,TotLen Bwd Pkts,Fwd Pkt Len Max,Fwd Pkt Len Min,Fwd Pkt Len Mean,Fwd Pkt Len Std,Bwd Pkt Len Max,Bwd Pkt Len Min,Bwd Pkt Len Mean,Bwd Pkt Len Std,Flow Byts/s,Flow Pkts/s,Flow IAT Mean,Flow IAT Std,Flow IAT Max,Flow IAT Min,Fwd IAT Tot,Fwd IAT Mean,Fwd IAT Std,Fwd IAT Max,Fwd IAT Min,Bwd IAT Tot,Bwd IAT Mean,Bwd IAT Std,Bwd IAT Max,Bwd IAT Min,Fwd PSH Flags,Bwd PSH Flags,Fwd URG Flags,Bwd URG Flags,Fwd Header Len,Bwd Header Len,Fwd Pkts/s,Bwd Pkts/s,Pkt Len Min,Pkt Len Max,Pkt Len Mean,Pkt Len Std,Pkt Len Var,FIN Flag Cnt,SYN Flag Cnt,RST Flag Cnt,PSH Flag Cnt,ACK Flag Cnt,URG Flag Cnt,CWE Flag Count,ECE Flag Cnt,Down/Up Ratio,Pkt Size Avg,Fwd Seg Size Avg,Bwd Seg Size Avg,Fwd Byts/b Avg,Fwd Pkts/b Avg,Fwd Blk Rate Avg,Bwd Byts/b Avg,Bwd Pkts/b Avg,Bwd Blk Rate Avg,Subflow Fwd Pkts,Subflow Fwd Byts,Subflow Bwd Pkts,Subflow Bwd Byts,Init Fwd Win Byts,Init Bwd Win Byts,Fwd Act Data Pkts,Fwd Seg Size Min,Active Mean,Active Std,Active Max,Active Min,Idle Mean,Idle Std,Idle Max,Idle Min,Label
8080,6,02/03/2018 10:17:07,16079,3,4,326,129,326,0,108.6666667,188.2161878,112,0,32.25,53.7672453,28297.77971,435.3504571,2679.833333,6080.854855,15084.0,1.0,645.0,322.5,374.0594872,587.0,58.0,15513.0,5171.0,8587.564206,15084.0,1.0,0,0,0,0,72,92,186.5787673,248.7716898,0,326,56.875,115.4066568,13318.69643,0,0,1,1,0,0,0,1,1,65.0,108.6666667,32.25,0,0,0,0,0,0,3,326,4,129,8192,219,1,20,0.0,0.0,0.0,0.0,0.0,0.0,0.0,0.0,Bot
8080,6,02/03/2018 10:17:07,577,2,0,0,0,0,0,0.0,0.0,0,0,0.0,0.0,0.0,3466.204506,577.0,0.0,577.0,577.0,577.0,577.0,0.0,577.0,577.0,0.0,0.0,0.0,0.0,0.0,0,0,0,0,40,0,3466.204506,0.0,0,0,0.0,0.0,0.0,0,0,0,0,1,0,0,0,0,0.0,0.0,0.0,0,0,0,0,0,0,2,0,0,0,2052,-1,0,20,0.0,0.0,0.0,0.0,0.0,0.0,0.0,0.0,Bot
8080,6,02/03/2018 10:17:09,10279,3,4,326,129,326,0,108.6666667,188.2161878,112,0,32.25,53.7672453,44265.00632,681.0000973,1713.166667,3693.591716,9243.0,20.0,577.0,288.5,335.8757211,526.0,51.0,9773.0,3257.666667,5185.563165,9243.0,117.0,0,0,0,0,72,92,291.8571846,389.1429127,0,326,56.875,115.4066568,13318.69643,0,0,1,1,0,0,0,1,1,65.0,108.6666667,32.25,0,0,0,0,0,0,3,326,4,129,8192,219,1,20,0.0,0.0,0.0,0.0,0.0,0.0,0.0,0.0,Bot
8080,6,02/03/2018 10:17:09,457,2,0,0,0,0,0,0.0,0.0,0,0,0.0,0.0,0.0,4376.367615,457.0,0.0,457.0,457.0,457.0,457.0,0.0,457.0,457.0,0.0,0.0,0.0,0.0,0.0,0,0,0,0,40,0,4376.367615,0.0,0,0,0.0,0.0,0.0,0,0,0,0,1,0,0,0,0,0.0,0.0,0.0,0,0,0,0,0,0,2,0,0,0,2052,-1,0,20,0.0,0.0,0.0,0.0,0.0,0.0,0.0,0.0,Bot
8080,6,02/03/2018 10:17:11,10271,3,4,326,129,326,0,108.6666667,188.2161878,112,0,32.25,53.7672453,44299.48398,681.5305228,1711.833333,3786.768196,9434.0,20.0,502.0,251.0,288.4995667,455.0,47.0,9836.0,3278.666667,5333.075692,9434.0,41.0,0,0,0,0,72,92,292.0845098,389.446013,0,326,56.875,115.4066568,13318.69643,0,0,1,1,0,0,0,1,1,65.0,108.6666667,32.25,0,0,0,0,0,0,3,326,4,129,8192,219,1,20,0.0,0.0,0.0,0.0,0.0,0.0,0.0,0.0,Bot
8080,6,02/03/2018 10:17:11,465,2,0,0,0,0,0,0.0,0.0,0,0,0.0,0.0,0.0,4301.075269,465.0,0.0,465.0,465.0,465.0,465.0,0.0,465.0,465.0,0.0,0.0,0.0,0.0,0.0,0,0,0,0,40,0,4301.075269,0.0,0,0,0.0,0.0,0.0,0,0,0,0,1,0,0,0,0,0.0,0.0,0.0,0,0,0,0,0,0,2,0,0,0,2052,-1,0,20,0.0,0.0,0.0,0.0,0.0,0.0,0.0,0.0,Bot
8080,6,02/03/2018 10:17:13,10291,3,4,326,129,326,0,108.6666667,188.2161878,112,0,32.25,53.7672453,44213.39034,680.2060052,1715.166667,3781.242728,9425.0,19.0,531.0,265.5,304.7630227,481.0,50.0,9829.0,3276.333333,5327.614507,9425.0,32.0,0,0,0,0,72,92,291.5168594,388.6891459,0,326,56.875,115.4066568,13318.69643,0,0,1,1,0,0,0,1,1,65.0,108.6666667,32.25,0,0,0,0,0,0,3,326,4,129,8192,219,1,20,0.0,0.0,0.0,0.0,0.0,0.0,0.0,0.0,Bot
8080,6,02/03/2018 10:17:13,495,2,0,0,0,0,0,0.0,0.0,0,0,0.0,0.0,0.0,4040.40404,495.0,0.0,495.0,495.0,495.0,495.0,0.0,495.0,495.0,0.0,0.0,0.0,0.0,0.0,0,0,0,0,40,0,4040.40404,0.0,0,0,0.0,0.0,0.0,0,0,0,0,1,0,0,0,0,0.0,0.0,0.0,0,0,0,0,0,0,2,0,0,0,2052,-1,0,20,0.0,0.0,0.0,0.0,0.0,0.0,0.0,0.0,Bot
8080,6,02/03/2018 10:17:15,11013,3,4,326,129,326,0,108.6666667,188.2161878,112,0,32.25,53.7672453,41314.80977,635.612458,1835.5,4130.349755,10260.0,1.0,480.0,240.0,270.1147904,431.0,49.0,10602.0,3534.0,5827.367073,10260.0,1.0,0,0,0,0,72,92,272.4053391,363.2071189,0,326,56.875,115.4066568,13318.69643,0,0,1,1,0,0,0,1,1,65.0,108.6666667,32.25,0,0,0,0,0,0,3,326,4,129,8192,219,1,20,0.0,0.0,0.0,0.0,0.0,0.0,0.0,0.0,Bot
8080,6,02/03/2018 10:17:15,558,2,0,0,0,0,0,0.0,0.0,0,0,0.0,0.0,0.0,3584.229391,558.0,0.0,558.0,558.0,558.0,558.0,0.0,558.0,558.0,0.0,0.0,0.0,0.0,0.0,0,0,0,0,40,0,3584.229391,0.0,0,0,0.0,0.0,0.0,0,0,0,0,1,0,0,0,0,0.0,0.0,0.0,0,0,0,0,0,0,2,0,0,0,2052,-1,0,20,0.0,0.0,0.0,0.0,0.0,0.0,0.0,0.0,Bot
8080,6,02/03/2018 10:17:17,10575,3,4,326,129,326,0,108.6666667,188.2161878,112,0,32.25,53.7672453,43026.00473,661.9385343,1762.5,3772.561557,9449.0,21.0,638.0,319.0,377.5950212,586.0,52.0,10010.0,3336.666667,5298.40866,9449.0,51.0,0,0,0,0,72,92,283.6879433,378.250591,0,326,56.875,115.4066568,13318.69643,0,0,1,1,0,0,0,1,1,65.0,108.6666667,32.25,0,0,0,0,0,0,3,326,4,129,8192,219,1,20,0.0,0.0,0.0,0.0,0.0,0.0,0.0,0.0,Bot
8080,6,02/03/2018 10:17:17,495,2,0,0,0,0,0,0.0,0.0,0,0,0.0,0.0,0.0,4040.40404,495.0,0.0,495.0,495.0,495.0,495.0,0.0,495.0,495.0,0.0,0.0,0.0,0.0,0.0,0,0,0,0,40,0,4040.40404,0.0,0,0,0.0,0.0,0.0,0,0,0,0,1,0,0,0,0,0.0,0.0,0.0,0,0,0,0,0,0,2,0,0,0,2052,-1,0,20,0.0,0.0,0.0,0.0,0.0,0.0,0.0,0.0,Bot
8080,6,02/03/2018 10:17:19,10739,3,4,326,129,326,0,108.6666667,188.2161878,112,0,32.25,53.7672453,42368.93566,651.8297793,1789.833333,3930.993178,9803.0,16.0,598.0,299.0,350.7249635,547.0,51.0,10208.0,3402.666667,5545.822061,9803.0,21.0,0,0,0,0,72,92,279.3556197,372.4741596,0,326,56.875,115.4066568,13318.69643,0,0,1,1,0,0,0,1,1,65.0,108.6666667,32.25,0,0,0,0,0,0,3,326,4,129,8192,219,1,20,0.0,0.0,0.0,0.0,0.0,0.0,0.0,0.0,Bot
8080,6,02/03/2018 10:17:19,593,2,0,0,0,0,0,0.0,0.0,0,0,0.0,0.0,0.0,3372.681282,593.0,0.0,593.0,593.0,593.0,593.0,0.0,593.0,593.0,0.0,0.0,0.0,0.0,0.0,0,0,0,0,40,0,3372.681282,0.0,0,0,0.0,0.0,0.0,0,0,0,0,1,0,0,0,0,0.0,0.0,0.0,0,0,0,0,0,0,2,0,0,0,2052,-1,0,20,0.0,0.0,0.0,0.0,0.0,0.0,0.0,0.0,Bot
8080,6,02/03/2018 10:17:21,10431,3,4,326,129,326,0,108.6666667,188.2161878,112,0,32.25,53.7672453,43619.97891,671.0765986,1738.5,3844.115646,9578.0,22.0,518.0,259.0,291.3279938,465.0,53.0,9988.0,3329.333333,5413.666533,9578.0,52.0,0,0,0,0,72,92,287.6042565,383.4723421,0,326,56.875,115.4066568,13318.69643,0,0,1,1,0,0,0,1,1,65.0,108.6666667,32.25,0,0,0,0,0,0,3,326,4,129,8192,219,1,20,0.0,0.0,0.0,0.0,0.0,0.0,0.0,0.0,Bot
8080,6,02/03/2018 10:17:21,470,2,0,0,0,0,0,0.0,0.0,0,0,0.0,0.0,0.0,4255.319149,470.0,0.0,470.0,470.0,470.0,470.0,0.0,470.0,470.0,0.0,0.0,0.0,0.0,0.0,0,0,0,0,40,0,4255.319149,0.0,0,0,0.0,0.0,0.0,0,0,0,0,1,0,0,0,0,0.0,0.0,0.0,0,0,0,0,0,0,2,0,0,0,2052,-1,0,20,0.0,0.0,0.0,0.0,0.0,0.0,0.0,0.0,Bot
8080,6,02/03/2018 10:17:23,10372,3,4,326,129,326,0,108.6666667,188.2161878,112,0,32.25,53.7672453,43868.10644,674.8939452,1728.666667,3855.426444,9591.0,16.0,518.0,259.0,295.5706345,468.0,50.0,9925.0,3308.333333,5443.043848,9591.0,16.0,0,0,0,0,72,92,289.2402622,385.653683,0,326,56.875,115.4066568,13318.69643,0,0,1,1,0,0,0,1,1,65.0,108.6666667,32.25,0,0,0,0,0,0,3,326,4,129,8192,219,1,20,0.0,0.0,0.0,0.0,0.0,0.0,0.0,0.0,Bot
8080,6,02/03/2018 10:17:23,483,2,0,0,0,0,0,0.0,0.0,0,0,0.0,0.0,0.0,4140.786749,483.0,0.0,483.0,483.0,483.0,483.0,0.0,483.0,483.0,0.0,0.0,0.0,0.0,0.0,0,0,0,0,40,0,4140.786749,0.0,0,0,0.0,0.0,0.0,0,0,0,0,1,0,0,0,0,0.0,0.0,0.0,0,0,0,0,0,0,2,0,0,0,2052,-1,0,20,0.0,0.0,0.0,0.0,0.0,0.0,0.0,0.0,Bot
8080,6,02/03/2018 10:17:25,10240,3,4,326,129,326,0,108.6666667,188.2161878,112,0,32.25,53.7672453,44433.59375,683.59375,1706.666667,3778.675147,9412.0,20.0,530.0,265.0,299.8132752,477.0,53.0,9783.0,3261.0,5329.047851,9412.0,35.0,0,0,0,0,72,92,292.96875,390.625,0,326,56.875,115.4066568,13318.69643,0,0,1,1,0,0,0,1,1,65.0,108.6666667,32.25,0,0,0,0,0,0,3,326,4,129,8192,219,1,20,0.0,0.0,0.0,0.0,0.0,0.0,0.0,0.0,Bot
8080,6,02/03/2018 10:17:25,487,2,0,0,0,0,0,0.0,0.0,0,0,0.0,0.0,0.0,4106.776181,487.0,0.0,487.0,487.0,487.0,487.0,0.0,487.0,487.0,0.0,0.0,0.0,0.0,0.0,0,0,0,0,40,0,4106.776181,0.0,0,0,0.0,0.0,0.0,0,0,0,0,1,0,0,0,0,0.0,0.0,0.0,0,0,0,0,0,0,2,0,0,0,2052,-1,0,20,0.0,0.0,0.0,0.0,0.0,0.0,0.0,0.0,Bot
8080,6,02/03/2018 10:17:27,10365,3,4,326,129,326,0,108.6666667,188.2161878,112,0,32.25,53.7672453,43897.73275,675.3497347,1727.5,3827.643858,9533.0,21.0,537.0,268.5,304.7630227,484.0,53.0,9902.0,3300.666667,5399.135702,9533.0,46.0,0,0,0,0,72,92,289.4356006,385.9141341,0,326,56.875,115.4066568,13318.69643,0,0,1,1,0,0,0,1,1,65.0,108.6666667,32.25,0,0,0,0,0,0,3,326,4,129,8192,219,1,20,0.0,0.0,0.0,0.0,0.0,0.0,0.0,0.0,Bot
8080,6,02/03/2018 10:17:27,466,2,0,0,0,0,0,0.0,0.0,0,0,0.0,0.0,0.0,4291.845494,466.0,0.0,466.0,466.0,466.0,466.0,0.0,466.0,466.0,0.0,0.0,0.0,0.0,0.0,0,0,0,0,40,0,4291.845494,0.0,0,0,0.0,0.0,0.0,0,0,0,0,1,0,0,0,0,0.0,0.0,0.0,0,0,0,0,0,0,2,0,0,0,2052,-1,0,20,0.0,0.0,0.0,0.0,0.0,0.0,0.0,0.0,Bot
8080,6,02/03/2018 10:17:29,10999,3,4,326,129,326,0,108.6666667,188.2161878,112,0,32.25,53.7672453,41367.39704,636.4214929,1833.166667,4065.437512,10124.0,20.0,520.0,260.0,295.5706345,469.0,51.0,10550.0,3516.666667,5724.793912,10124.0,38.0,0,0,0,0,72,92,272.7520684,363.6694245,0,326,56.875,115.4066568,13318.69643,0,0,1,1,0,0,0,1,1,65.0,108.6666667,32.25,0,0,0,0,0,0,3,326,4,129,8192,219,1,20,0.0,0.0,0.0,0.0,0.0,0.0,0.0,0.0,Bot
8080,6,02/03/2018 10:17:29,482,2,0,0,0,0,0,0.0,0.0,0,0,0.0,0.0,0.0,4149.377593,482.0,0.0,482.0,482.0,482.0,482.0,0.0,482.0,482.0,0.0,0.0,0.0,0.0,0.0,0,0,0,0,40,0,4149.377593,0.0,0,0,0.0,0.0,0.0,0,0,0,0,1,0,0,0,0,0.0,0.0,0.0,0,0,0,0,0,0,2,0,0,0,256,-1,0,20,0.0,0.0,0.0,0.0,0.0,0.0,0.0,0.0,Bot
8080,6,02/03/2018 10:17:31,10749,3,4,326,129,326,0,108.6666667,188.2161878,112,0,32.25,53.7672453,42329.51903,651.2233696,1791.5,3984.33672,9916.0,1.0,526.0,263.0,301.2274888,476.0,50.0,10293.0,3431.0,5619.303782,9916.0,1.0,0,0,0,0,72,92,279.0957298,372.1276398,0,326,56.875,115.4066568,13318.69643,0,0,1,1,0,0,0,1,1,65.0,108.6666667,32.25,0,0,0,0,0,0,3,326,4,129,8192,219,1,20,0.0,0.0,0.0,0.0,0.0,0.0,0.0,0.0,Bot
8080,6,02/03/2018 10:17:31,501,2,0,0,0,0,0,0.0,0.0,0,0,0.0,0.0,0.0,3992.015968,501.0,0.0,501.0,501.0,501.0,501.0,0.0,501.0,501.0,0.0,0.0,0.0,0.0,0.0,0,0,0,0,40,0,3992.015968,0.0,0,0,0.0,0.0,0.0,0,0,0,0,1,0,0,0,0,0.0,0.0,0.0,0,0,0,0,0,0,2,0,0,0,256,-1,0,20,0.0,0.0,0.0,0.0,0.0,0.0,0.0,0.0,Bot
8080,6,02/03/2018 10:17:33,11127,3,4,326,129,326,0,108.6666667,188.2161878,112,0,32.25,53.7672453,40891.52512,629.1003864,1854.5,4162.874043,10345.0,0.0,495.0,247.5,276.4787514,443.0,52.0,10705.0,3568.333333,5871.525214,10345.0,0.0,0,0,0,0,72,92,269.6144513,359.4859351,0,326,56.875,115.4066568,13318.69643,0,0,1,1,0,0,0,1,1,65.0,108.6666667,32.25,0,0,0,0,0,0,3,326,4,129,8192,219,1,20,0.0,0.0,0.0,0.0,0.0,0.0,0.0,0.0,Bot
8080,6,02/03/2018 10:17:33,489,2,0,0,0,0,0,0.0,0.0,0,0,0.0,0.0,0.0,4089.97955,489.0,0.0,489.0,489.0,489.0,489.0,0.0,489.0,489.0,0.0,0.0,0.0,0.0,0.0,0,0,0,0,40,0,4089.97955,0.0,0,0,0.0,0.0,0.0,0,0,0,0,1,0,0,0,0,0.0,0.0,0.0,0,0,0,0,0,0,2,0,0,0,2052,-1,0,20,0.0,0.0,0.0,0.0,0.0,0.0,0.0,0.0,Bot
8080,6,02/03/2018 10:17:35,10606,3,4,326,129,326,0,108.6666667,188.2161878,112,0,32.25,53.7672453,42900.24514,660.0037715,1767.666667,3855.84998,9627.0,20.0,619.0,309.5,366.9884194,569.0,50.0,10057.0,3352.333333,5436.742162,9627.0,43.0,0,0,0,0,72,92,282.8587592,377.1450123,0,326,56.875,115.4066568,13318.69643,0,0,1,1,0,0,0,1,1,65.0,108.6666667,32.25,0,0,0,0,0,0,3,326,4,129,8192,219,1,20,0.0,0.0,0.0,0.0,0.0,0.0,0.0,0.0,Bot
8080,6,02/03/2018 10:17:35,494,2,0,0,0,0,0,0.0,0.0,0,0,0.0,0.0,0.0,4048.582996,494.0,0.0,494.0,494.0,494.0,494.0,0.0,494.0,494.0,0.0,0.0,0.0,0.0,0.0,0,0,0,0,40,0,4048.582996,0.0,0,0,0.0,0.0,0.0,0,0,0,0,1,0,0,0,0,0.0,0.0,0.0,0,0,0,0,0,0,2,0,0,0,2052,-1,0,20,0.0,0.0,0.0,0.0,0.0,0.0,0.0,0.0,Bot
8080,6,02/03/2018 10:17:37,10609,3,4,326,129,326,0,108.6666667,188.2161878,112,0,32.25,53.7672453,42888.11387,659.8171364,1768.166667,3884.223805,9685.0,1.0,607.0,303.5,359.9173516,558.0,49.0,10068.0,3356.0,5484.384286,9685.0,1.0,0,0,0,0,72,92,282.7787727,377.0383637,0,326,56.875,115.4066568,13318.69643,0,0,1,1,0,0,0,1,1,65.0,108.6666667,32.25,0,0,0,0,0,0,3,326,4,129,8192,219,1,20,0.0,0.0,0.0,0.0,0.0,0.0,0.0,0.0,Bot
8080,6,02/03/2018 10:17:37,485,2,0,0,0,0,0,0.0,0.0,0,0,0.0,0.0,0.0,4123.71134,485.0,0.0,485.0,485.0,485.0,485.0,0.0,485.0,485.0,0.0,0.0,0.0,0.0,0.0,0,0,0,0,40,0,4123.71134,0.0,0,0,0.0,0.0,0.0,0,0,0,0,1,0,0,0,0,0.0,0.0,0.0,0,0,0,0,0,0,2,0,0,0,2052,-1,0,20,0.0,0.0,0.0,0.0,0.0,0.0,0.0,0.0,Bot
8080,6,02/03/2018 10:17:39,10443,3,4,326,129,326,0,108.6666667,188.2161878,112,0,32.25,53.7672453,43569.85541,670.3054678,1740.5,3813.290692,9513.0,1.0,583.0,291.5,341.5325753,533.0,50.0,9931.0,3310.333333,5375.692452,9513.0,1.0,0,0,0,0,72,92,287.2737719,383.0316959,0,326,56.875,115.4066568,13318.69643,0,0,1,1,0,0,0,1,1,65.0,108.6666667,32.25,0,0,0,0,0,0,3,326,4,129,8192,219,1,20,0.0,0.0,0.0,0.0,0.0,0.0,0.0,0.0,Bot
8080,6,02/03/2018 10:17:39,488,2,0,0,0,0,0,0.0,0.0,0,0,0.0,0.0,0.0,4098.360656,488.0,0.0,488.0,488.0,488.0,488.0,0.0,488.0,488.0,0.0,0.0,0.0,0.0,0.0,0,0,0,0,40,0,4098.360656,0.0,0,0,0.0,0.0,0.0,0,0,0,0,1,0,0,0,0,0.0,0.0,0.0,0,0,0,0,0,0,2,0,0,0,2052,-1,0,20,0.0,0.0,0.0,0.0,0.0,0.0,0.0,0.0,Bot
8080,6,02/03/2018 10:17:41,11086,3,4,326,129,326,0,108.6666667,188.2161878,112,0,32.25,53.7672453,41042.75663,631.4270251,1847.666667,4045.451058,10095.0,27.0,588.0,294.0,346.4823228,539.0,49.0,10579.0,3526.333333,5692.69368,10095.0,27.0,0,0,0,0,72,92,270.6115822,360.8154429,0,326,56.875,115.4066568,13318.69643,0,0,1,1,0,0,0,1,1,65.0,108.6666667,32.25,0,0,0,0,0,0,3,326,4,129,8192,219,1,20,0.0,0.0,0.0,0.0,0.0,0.0,0.0,0.0,Bot
8080,6,02/03/2018 10:17:41,483,2,0,0,0,0,0,0.0,0.0,0,0,0.0,0.0,0.0,4140.786749,483.0,0.0,483.0,483.0,483.0,483.0,0.0,483.0,483.0,0.0,0.0,0.0,0.0,0.0,0,0,0,0,40,0,4140.786749,0.0,0,0,0.0,0.0,0.0,0,0,0,0,1,0,0,0,0,0.0,0.0,0.0,0,0,0,0,0,0,2,0,0,0,2052,-1,0,20,0.0,0.0,0.0,0.0,0.0,0.0,0.0,0.0,Bot
8080,6,02/03/2018 10:17:43,11431,3,4,326,129,326,0,108.6666667,188.2161878,112,0,32.25,53.7672453,39804.04164,612.3698714,1905.166667,4183.745328,10433.0,1.0,630.0,315.0,373.3523805,579.0,51.0,10873.0,3624.333333,5900.543817,10433.0,1.0,0,0,0,0,72,92,262.4442306,349.9256408,0,326,56.875,115.4066568,13318.69643,0,0,1,1,0,0,0,1,1,65.0,108.6666667,32.25,0,0,0,0,0,0,3,326,4,129,8192,219,1,20,0.0,0.0,0.0,0.0,0.0,0.0,0.0,0.0,Bot
8080,6,02/03/2018 10:17:43,514,2,0,0,0,0,0,0.0,0.0,0,0,0.0,0.0,0.0,3891.050584,514.0,0.0,514.0,514.0,514.0,514.0,0.0,514.0,514.0,0.0,0.0,0.0,0.0,0.0,0,0,0,0,40,0,3891.050584,0.0,0,0,0.0,0.0,0.0,0,0,0,0,1,0,0,0,0,0.0,0.0,0.0,0,0,0,0,0,0,2,0,0,0,2052,-1,0,20,0.0,0.0,0.0,0.0,0.0,0.0,0.0,0.0,Bot
8080,6,02/03/2018 10:17:45,10629,3,4,326,129,326,0,108.6666667,188.2161878,112,0,32.25,53.7672453,42807.41368,658.5755951,1771.5,3889.45563,9700.0,1.0,571.0,285.5,330.2188668,519.0,52.0,10131.0,3377.0,5480.078193,9700.0,1.0,0,0,0,0,72,92,282.2466836,376.3289115,0,326,56.875,115.4066568,13318.69643,0,0,1,1,0,0,0,1,1,65.0,108.6666667,32.25,0,0,0,0,0,0,3,326,4,129,8192,219,1,20,0.0,0.0,0.0,0.0,0.0,0.0,0.0,0.0,Bot
8080,6,02/03/2018 10:17:45,516,2,0,0,0,0,0,0.0,0.0,0,0,0.0,0.0,0.0,3875.968992,516.0,0.0,516.0,516.0,516.0,516.0,0.0,516.0,516.0,0.0,0.0,0.0,0.0,0.0,0,0,0,0,40,0,3875.968992,0.0,0,0,0.0,0.0,0.0,0,0,0,0,1,0,0,0,0,0.0,0.0,0.0,0,0,0,0,0,0,2,0,0,0,2052,-1,0,20,0.0,0.0,0.0,0.0,0.0,0.0,0.0,0.0,Bot
8080,6,02/03/2018 10:17:47,10814,3,4,326,129,326,0,108.6666667,188.2161878,112,0,32.25,53.7672453,42075.08785,647.3090438,1802.333333,3994.632582,9949.0,21.0,530.0,265.0,304.0559159,480.0,50.0,10355.0,3451.666667,5628.698014,9949.0,59.0,0,0,0,0,72,92,277.4181616,369.8908822,0,326,56.875,115.4066568,13318.69643,0,0,1,1,0,0,0,1,1,65.0,108.6666667,32.25,0,0,0,0,0,0,3,326,4,129,8192,219,1,20,0.0,0.0,0.0,0.0,0.0,0.0,0.0,0.0,Bot
8080,6,02/03/2018 10:17:47,479,2,0,0,0,0,0,0.0,0.0,0,0,0.0,0.0,0.0,4175.365344,479.0,0.0,479.0,479.0,479.0,479.0,0.0,479.0,479.0,0.0,0.0,0.0,0.0,0.0,0,0,0,0,40,0,4175.365344,0.0,0,0,0.0,0.0,0.0,0,0,0,0,1,0,0,0,0,0.0,0.0,0.0,0,0,0,0,0,0,2,0,0,0,2052,-1,0,20,0.0,0.0,0.0,0.0,0.0,0.0,0.0,0.0,Bot
8080,6,02/03/2018 10:17:49,10966,3,4,326,129,326,0,108.6666667,188.2161878,112,0,32.25,53.7672453,41491.88401,638.336677,1827.666667,4026.905247,10041.0,22.0,517.0,258.5,292.0351006,465.0,52.0,10523.0,3507.666667,5659.548951,10041.0,110.0,0,0,0,0,72,92,273.5728616,364.7638154,0,326,56.875,115.4066568,13318.69643,0,0,1,1,0,0,0,1,1,65.0,108.6666667,32.25,0,0,0,0,0,0,3,326,4,129,8192,219,1,20,0.0,0.0,0.0,0.0,0.0,0.0,0.0,0.0,Bot
8080,6,02/03/2018 10:17:49,456,2,0,0,0,0,0,0.0,0.0,0,0,0.0,0.0,0.0,4385.964912,456.0,0.0,456.0,456.0,456.0,456.0,0.0,456.0,456.0,0.0,0.0,0.0,0.0,0.0,0,0,0,0,40,0,4385.964912,0.0,0,0,0.0,0.0,0.0,0,0,0,0,1,0,0,0,0,0.0,0.0,0.0,0,0,0,0,0,0,2,0,0,0,2052,-1,0,20,0.0,0.0,0.0,0.0,0.0,0.0,0.0,0.0,Bot
8080,6,02/03/2018 10:17:51,10836,3,4,326,129,326,0,108.6666667,188.2161878,112,0,32.25,53.7672453,41989.66408,645.994832,1806.0,4008.573063,9980.0,0.0,502.0,251.0,277.1858582,447.0,55.0,10407.0,3469.0,5642.731874,9980.0,0.0,0,0,0,0,72,92,276.854928,369.139904,0,326,56.875,115.4066568,13318.69643,0,0,1,1,0,0,0,1,1,65.0,108.6666667,32.25,0,0,0,0,0,0,3,326,4,129,8192,219,1,20,0.0,0.0,0.0,0.0,0.0,0.0,0.0,0.0,Bot
8080,6,02/03/2018 10:17:51,503,2,0,0,0,0,0,0.0,0.0,0,0,0.0,0.0,0.0,3976.143141,503.0,0.0,503.0,503.0,503.0,503.0,0.0,503.0,503.0,0.0,0.0,0.0,0.0,0.0,0,0,0,0,40,0,3976.143141,0.0,0,0,0.0,0.0,0.0,0,0,0,0,1,0,0,0,0,0.0,0.0,0.0,0,0,0,0,0,0,2,0,0,0,2052,-1,0,20,0.0,0.0,0.0,0.0,0.0,0.0,0.0,0.0,Bot
8080,6,02/03/2018 10:17:53,10044,3,4,326,129,326,0,108.6666667,188.2161878,112,0,32.25,53.7672453,45300.67702,696.9334926,1674.0,3716.170018,9253.0,21.0,485.0,242.5,269.4076836,433.0,52.0,9632.0,3210.666667,5234.949315,9253.0,40.0,0,0,0,0,72,92,298.6857826,398.2477101,0,326,56.875,115.4066568,13318.69643,0,0,1,1,0,0,0,1,1,65.0,108.6666667,32.25,0,0,0,0,0,0,3,326,4,129,8192,219,1,20,0.0,0.0,0.0,0.0,0.0,0.0,0.0,0.0,Bot
8080,6,02/03/2018 10:17:53,614,2,0,0,0,0,0,0.0,0.0,0,0,0.0,0.0,0.0,3257.32899,614.0,0.0,614.0,614.0,614.0,614.0,0.0,614.0,614.0,0.0,0.0,0.0,0.0,0.0,0,0,0,0,40,0,3257.32899,0.0,0,0,0.0,0.0,0.0,0,0,0,0,1,0,0,0,0,0.0,0.0,0.0,0,0,0,0,0,0,2,0,0,0,2052,-1,0,20,0.0,0.0,0.0,0.0,0.0,0.0,0.0,0.0,Bot
8080,6,02/03/2018 10:17:55,10426,3,4,326,129,326,0,108.6666667,188.2161878,112,0,32.25,53.7672453,43640.89776,671.398427,1737.666667,3771.534683,9425.0,21.0,591.0,295.5,344.3610024,539.0,52.0,9908.0,3302.666667,5305.848126,9425.0,42.0,0,0,0,0,72,92,287.742183,383.656244,0,326,56.875,115.4066568,13318.69643,0,0,1,1,0,0,0,1,1,65.0,108.6666667,32.25,0,0,0,0,0,0,3,326,4,129,8192,219,1,20,0.0,0.0,0.0,0.0,0.0,0.0,0.0,0.0,Bot
8080,6,02/03/2018 10:17:55,473,2,0,0,0,0,0,0.0,0.0,0,0,0.0,0.0,0.0,4228.32981,473.0,0.0,473.0,473.0,473.0,473.0,0.0,473.0,473.0,0.0,0.0,0.0,0.0,0.0,0,0,0,0,40,0,4228.32981,0.0,0,0,0.0,0.0,0.0,0,0,0,0,1,0,0,0,0,0.0,0.0,0.0,0,0,0,0,0,0,2,0,0,0,2052,-1,0,20,0.0,0.0,0.0,0.0,0.0,0.0,0.0,0.0,Bot
8080,6,02/03/2018 10:17:57,10461,3,4,326,129,326,0,108.6666667,188.2161878,112,0,32.25,53.7672453,43494.88577,669.1520887,1743.5,3885.317838,9669.0,21.0,467.0,233.5,242.5376259,405.0,62.0,10077.0,3359.0,5466.65126,9669.0,55.0,0,0,0,0,72,92,286.7794666,382.3726221,0,326,56.875,115.4066568,13318.69643,0,0,1,1,0,0,0,1,1,65.0,108.6666667,32.25,0,0,0,0,0,0,3,326,4,129,8192,219,1,20,0.0,0.0,0.0,0.0,0.0,0.0,0.0,0.0,Bot
8080,6,02/03/2018 10:17:57,453,2,0,0,0,0,0,0.0,0.0,0,0,0.0,0.0,0.0,4415.011038,453.0,0.0,453.0,453.0,453.0,453.0,0.0,453.0,453.0,0.0,0.0,0.0,0.0,0.0,0,0,0,0,40,0,4415.011038,0.0,0,0,0.0,0.0,0.0,0,0,0,0,1,0,0,0,0,0.0,0.0,0.0,0,0,0,0,0,0,2,0,0,0,2052,-1,0,20,0.0,0.0,0.0,0.0,0.0,0.0,0.0,0.0,Bot
8080,6,02/03/2018 10:17:59,10499,3,4,326,129,326,0,108.6666667,188.2161878,112,0,32.25,53.7672453,43337.46071,666.7301648,1749.833333,3850.516922,9599.0,1.0,583.0,291.5,338.7041482,531.0,52.0,9989.0,3329.666667,5432.866769,9599.0,1.0,0,0,0,0,72,92,285.7414992,380.9886656,0,326,56.875,115.4066568,13318.69643,0,0,1,1,0,0,0,1,1,65.0,108.6666667,32.25,0,0,0,0,0,0,3,326,4,129,8192,219,1,20,0.0,0.0,0.0,0.0,0.0,0.0,0.0,0.0,Bot
8080,6,02/03/2018 10:17:59,474,2,0,0,0,0,0,0.0,0.0,0,0,0.0,0.0,0.0,4219.409283,474.0,0.0,474.0,474.0,474.0,474.0,0.0,474.0,474.0,0.0,0.0,0.0,0.0,0.0,0,0,0,0,40,0,4219.409283,0.0,0,0,0.0,0.0,0.0,0,0,0,0,1,0,0,0,0,0.0,0.0,0.0,0,0,0,0,0,0,2,0,0,0,2052,-1,0,20,0.0,0.0,0.0,0.0,0.0,0.0,0.0,0.0,Bot
8080,6,02/03/2018 10:18:01,11167,3,4,326,129,326,0,108.6666667,188.2161878,112,0,32.25,53.7672453,40745.05239,626.8469598,1861.166667,4016.868005,10047.0,20.0,663.0,331.5,382.5447686,602.0,61.0,10585.0,3528.333333,5649.933215,10047.0,41.0,0,0,0,0,72,92,268.6486971,358.1982627,0,326,56.875,115.4066568,13318.69643,0,0,1,1,0,0,0,1,1,65.0,108.6666667,32.25,0,0,0,0,0,0,3,326,4,129,8192,219,1,20,0.0,0.0,0.0,0.0,0.0,0.0,0.0,0.0,Bot
8080,6,02/03/2018 10:18:01,472,2,0,0,0,0,0,0.0,0.0,0,0,0.0,0.0,0.0,4237.288136,472.0,0.0,472.0,472.0,472.0,472.0,0.0,472.0,472.0,0.0,0.0,0.0,0.0,0.0,0,0,0,0,40,0,4237.288136,0.0,0,0,0.0,0.0,0.0,0,0,0,0,1,0,0,0,0,0.0,0.0,0.0,0,0,0,0,0,0,2,0,0,0,2052,-1,0,20,0.0,0.0,0.0,0.0,0.0,0.0,0.0,0.0,Bot
8080,6,02/03/2018 10:18:03,10244,3,4,326,129,326,0,108.6666667,188.2161878,112,0,32.25,53.7672453,44416.24365,683.3268255,1707.333333,3776.062747,9409.0,18.0,461.0,230.5,256.6797616,412.0,49.0,9850.0,3283.333333,5307.033101,9409.0,73.0,0,0,0,0,72,92,292.8543538,390.4724717,0,326,56.875,115.4066568,13318.69643,0,0,1,1,0,0,0,1,1,65.0,108.6666667,32.25,0,0,0,0,0,0,3,326,4,129,8192,219,1,20,0.0,0.0,0.0,0.0,0.0,0.0,0.0,0.0,Bot
8080,6,02/03/2018 10:18:03,436,2,0,0,0,0,0,0.0,0.0,0,0,0.0,0.0,0.0,4587.155963,436.0,0.0,436.0,436.0,436.0,436.0,0.0,436.0,436.0,0.0,0.0,0.0,0.0,0.0,0,0,0,0,40,0,4587.155963,0.0,0,0,0.0,0.0,0.0,0,0,0,0,1,0,0,0,0,0.0,0.0,0.0,0,0,0,0,0,0,2,0,0,0,256,-1,0,20,0.0,0.0,0.0,0.0,0.0,0.0,0.0,0.0,Bot
8080,6,02/03/2018 10:18:05,10700,3,4,326,129,326,0,108.6666667,188.2161878,112,0,32.25,53.7672453,42523.36449,654.2056075,1783.333333,3947.092432,9833.0,21.0,536.0,268.0,287.0853532,471.0,65.0,10250.0,3416.666667,5559.14205,9833.0,44.0,0,0,0,0,72,92,280.3738318,373.8317757,0,326,56.875,115.4066568,13318.69643,0,0,1,1,0,0,0,1,1,65.0,108.6666667,32.25,0,0,0,0,0,0,3,326,4,129,8192,219,1,20,0.0,0.0,0.0,0.0,0.0,0.0,0.0,0.0,Bot
8080,6,02/03/2018 10:18:05,472,2,0,0,0,0,0,0.0,0.0,0,0,0.0,0.0,0.0,4237.288136,472.0,0.0,472.0,472.0,472.0,472.0,0.0,472.0,472.0,0.0,0.0,0.0,0.0,0.0,0,0,0,0,40,0,4237.288136,0.0,0,0,0.0,0.0,0.0,0,0,0,0,1,0,0,0,0,0.0,0.0,0.0,0,0,0,0,0,0,2,0,0,0,256,-1,0,20,0.0,0.0,0.0,0.0,0.0,0.0,0.0,0.0,Bot
8080,6,02/03/2018 10:18:07,10705,3,4,326,129,326,0,108.6666667,188.2161878,112,0,32.25,53.7672453,42503.50304,653.9000467,1784.166667,3994.764344,9931.0,0.0,519.0,259.5,292.0351006,466.0,53.0,10261.0,3420.333333,5640.81646,9931.0,0.0,0,0,0,0,72,92,280.2428772,373.6571695,0,326,56.875,115.4066568,13318.69643,0,0,1,1,0,0,0,1,1,65.0,108.6666667,32.25,0,0,0,0,0,0,3,326,4,129,8192,219,1,20,0.0,0.0,0.0,0.0,0.0,0.0,0.0,0.0,Bot
8080,6,02/03/2018 10:18:07,479,2,0,0,0,0,0,0.0,0.0,0,0,0.0,0.0,0.0,4175.365344,479.0,0.0,479.0,479.0,479.0,479.0,0.0,479.0,479.0,0.0,0.0,0.0,0.0,0.0,0,0,0,0,40,0,4175.365344,0.0,0,0,0.0,0.0,0.0,0,0,0,0,1,0,0,0,0,0.0,0.0,0.0,0,0,0,0,0,0,2,0,0,0,2052,-1,0,20,0.0,0.0,0.0,0.0,0.0,0.0,0.0,0.0,Bot
8080,6,02/03/2018 10:18:09,10611,3,4,326,129,326,0,108.6666667,188.2161878,112,0,32.25,53.7672453,42880.03016,659.6927717,1768.5,3897.166496,9714.0,20.0,587.0,293.5,341.5325753,535.0,52.0,10096.0,3365.333333,5500.207299,9714.0,39.0,0,0,0,0,72,92,282.7254736,376.9672981,0,326,56.875,115.4066568,13318.69643,0,0,1,1,0,0,0,1,1,65.0,108.6666667,32.25,0,0,0,0,0,0,3,326,4,129,8192,219,1,20,0.0,0.0,0.0,0.0,0.0,0.0,0.0,0.0,Bot
8080,6,02/03/2018 10:18:09,484,2,0,0,0,0,0,0.0,0.0,0,0,0.0,0.0,0.0,4132.231405,484.0,0.0,484.0,484.0,484.0,484.0,0.0,484.0,484.0,0.0,0.0,0.0,0.0,0.0,0,0,0,0,40,0,4132.231405,0.0,0,0,0.0,0.0,0.0,0,0,0,0,1,0,0,0,0,0.0,0.0,0.0,0,0,0,0,0,0,2,0,0,0,2052,-1,0,20,0.0,0.0,0.0,0.0,0.0,0.0,0.0,0.0,Bot
8080,6,02/03/2018 10:18:11,10919,3,4,326,129,326,0,108.6666667,188.2161878,112,0,32.25,53.7672453,41670.48264,641.0843484,1819.833333,4040.426582,10058.0,1.0,566.0,283.0,326.6833329,514.0,52.0,10426.0,3475.333333,5703.693043,10058.0,1.0,0,0,0,0,72,92,274.750435,366.3339134,0,326,56.875,115.4066568,13318.69643,0,0,1,1,0,0,0,1,1,65.0,108.6666667,32.25,0,0,0,0,0,0,3,326,4,129,8192,219,1,20,0.0,0.0,0.0,0.0,0.0,0.0,0.0,0.0,Bot
8080,6,02/03/2018 10:18:11,487,2,0,0,0,0,0,0.0,0.0,0,0,0.0,0.0,0.0,4106.776181,487.0,0.0,487.0,487.0,487.0,487.0,0.0,487.0,487.0,0.0,0.0,0.0,0.0,0.0,0,0,0,0,40,0,4106.776181,0.0,0,0,0.0,0.0,0.0,0,0,0,0,1,0,0,0,0,0.0,0.0,0.0,0,0,0,0,0,0,2,0,0,0,2052,-1,0,20,0.0,0.0,0.0,0.0,0.0,0.0,0.0,0.0,Bot
8080,6,02/03/2018 10:18:13,10263,3,4,326,129,326,0,108.6666667,188.2161878,112,0,32.25,53.7672453,44334.0154,682.0617753,1710.5,3784.953778,9428.0,18.0,536.0,268.0,308.2985566,486.0,50.0,9795.0,3265.0,5339.637909,9428.0,26.0,0,0,0,0,72,92,292.3121894,389.7495859,0,326,56.875,115.4066568,13318.69643,0,0,1,1,0,0,0,1,1,65.0,108.6666667,32.25,0,0,0,0,0,0,3,326,4,129,8192,219,1,20,0.0,0.0,0.0,0.0,0.0,0.0,0.0,0.0,Bot
8080,6,02/03/2018 10:18:13,476,2,0,0,0,0,0,0.0,0.0,0,0,0.0,0.0,0.0,4201.680672,476.0,0.0,476.0,476.0,476.0,476.0,0.0,476.0,476.0,0.0,0.0,0.0,0.0,0.0,0,0,0,0,40,0,4201.680672,0.0,0,0,0.0,0.0,0.0,0,0,0,0,1,0,0,0,0,0.0,0.0,0.0,0,0,0,0,0,0,2,0,0,0,2052,-1,0,20,0.0,0.0,0.0,0.0,0.0,0.0,0.0,0.0,Bot
8080,6,02/03/2018 10:18:15,10522,3,4,326,129,326,0,108.6666667,188.2161878,112,0,32.25,53.7672453,43242.72952,665.2727618,1753.666667,3870.605517,9645.0,1.0,532.0,266.0,301.2274888,479.0,53.0,10061.0,3353.666667,5452.385288,9645.0,1.0,0,0,0,0,72,92,285.1168979,380.1558639,0,326,56.875,115.4066568,13318.69643,0,0,1,1,0,0,0,1,1,65.0,108.6666667,32.25,0,0,0,0,0,0,3,326,4,129,8192,219,1,20,0.0,0.0,0.0,0.0,0.0,0.0,0.0,0.0,Bot
8080,6,02/03/2018 10:18:15,492,2,0,0,0,0,0,0.0,0.0,0,0,0.0,0.0,0.0,4065.04065,492.0,0.0,492.0,492.0,492.0,492.0,0.0,492.0,492.0,0.0,0.0,0.0,0.0,0.0,0,0,0,0,40,0,4065.04065,0.0,0,0,0.0,0.0,0.0,0,0,0,0,1,0,0,0,0,0.0,0.0,0.0,0,0,0,0,0,0,2,0,0,0,2052,-1,0,20,0.0,0.0,0.0,0.0,0.0,0.0,0.0,0.0,Bot
8080,6,02/03/2018 10:18:17,10383,3,4,326,129,326,0,108.6666667,188.2161878,112,0,32.25,53.7672453,43821.63151,674.1789464,1730.5,3762.026781,9398.0,17.0,581.0,290.5,355.6747109,542.0,39.0,9858.0,3286.0,5296.449471,9398.0,43.0,0,0,0,0,72,92,288.9338342,385.2451122,0,326,56.875,115.4066568,13318.69643,0,0,1,1,0,0,0,1,1,65.0,108.6666667,32.25,0,0,0,0,0,0,3,326,4,129,8192,219,1,20,0.0,0.0,0.0,0.0,0.0,0.0,0.0,0.0,Bot
8080,6,02/03/2018 10:18:17,477,2,0,0,0,0,0,0.0,0.0,0,0,0.0,0.0,0.0,4192.872117,477.0,0.0,477.0,477.0,477.0,477.0,0.0,477.0,477.0,0.0,0.0,0.0,0.0,0.0,0,0,0,0,40,0,4192.872117,0.0,0,0,0.0,0.0,0.0,0,0,0,0,1,0,0,0,0,0.0,0.0,0.0,0,0,0,0,0,0,2,0,0,0,2052,-1,0,20,0.0,0.0,0.0,0.0,0.0,0.0,0.0,0.0,Bot
8080,6,02/03/2018 10:18:19,10592,3,4,326,129,326,0,108.6666667,188.2161878,112,0,32.25,53.7672453,42956.94864,660.8761329,1765.333333,3839.725389,9590.0,14.0,624.0,312.0,373.3523805,576.0,48.0,10033.0,3344.333333,5412.884659,9590.0,14.0,0,0,0,0,72,92,283.2326284,377.6435045,0,326,56.875,115.4066568,13318.69643,0,0,1,1,0,0,0,1,1,65.0,108.6666667,32.25,0,0,0,0,0,0,3,326,4,129,8192,219,1,20,0.0,0.0,0.0,0.0,0.0,0.0,0.0,0.0,Bot
8080,6,02/03/2018 10:18:19,461,2,0,0,0,0,0,0.0,0.0,0,0,0.0,0.0,0.0,4338.394794,461.0,0.0,461.0,461.0,461.0,461.0,0.0,461.0,461.0,0.0,0.0,0.0,0.0,0.0,0,0,0,0,40,0,4338.394794,0.0,0,0,0.0,0.0,0.0,0,0,0,0,1,0,0,0,0,0.0,0.0,0.0,0,0,0,0,0,0,2,0,0,0,2052,-1,0,20,0.0,0.0,0.0,0.0,0.0,0.0,0.0,0.0,Bot
8080,6,02/03/2018 10:18:21,10500,3,4,326,129,326,0,108.6666667,188.2161878,112,0,32.25,53.7672453,43333.33333,666.6666667,1750.0,3833.6173,9563.0,1.0,608.0,304.0,362.038672,560.0,48.0,9955.0,3318.333333,5411.554429,9563.0,1.0,0,0,0,0,72,92,285.7142857,380.952381,0,326,56.875,115.4066568,13318.69643,0,0,1,1,0,0,0,1,1,65.0,108.6666667,32.25,0,0,0,0,0,0,3,326,4,129,8192,219,1,20,0.0,0.0,0.0,0.0,0.0,0.0,0.0,0.0,Bot
8080,6,02/03/2018 10:18:21,484,2,0,0,0,0,0,0.0,0.0,0,0,0.0,0.0,0.0,4132.231405,484.0,0.0,484.0,484.0,484.0,484.0,0.0,484.0,484.0,0.0,0.0,0.0,0.0,0.0,0,0,0,0,40,0,4132.231405,0.0,0,0,0.0,0.0,0.0,0,0,0,0,1,0,0,0,0,0.0,0.0,0.0,0,0,0,0,0,0,2,0,0,0,256,-1,0,20,0.0,0.0,0.0,0.0,0.0,0.0,0.0,0.0,Bot
8080,6,02/03/2018 10:18:23,11836,3,4,326,129,326,0,108.6666667,188.2161878,112,0,32.25,53.7672453,38442.04123,591.4160189,1972.666667,3761.678118,9574.0,17.0,1915.0,957.5,724.7844507,1470.0,445.0,11408.0,3802.666667,5073.790036,9574.0,44.0,0,0,0,0,72,92,253.4640081,337.9520108,0,326,56.875,115.4066568,13318.69643,0,0,1,1,0,0,0,1,1,65.0,108.6666667,32.25,0,0,0,0,0,0,3,326,4,129,8192,219,1,20,0.0,0.0,0.0,0.0,0.0,0.0,0.0,0.0,Bot
8080,6,02/03/2018 10:18:23,473,2,0,0,0,0,0,0.0,0.0,0,0,0.0,0.0,0.0,4228.32981,473.0,0.0,473.0,473.0,473.0,473.0,0.0,473.0,473.0,0.0,0.0,0.0,0.0,0.0,0,0,0,0,40,0,4228.32981,0.0,0,0,0.0,0.0,0.0,0,0,0,0,1,0,0,0,0,0.0,0.0,0.0,0,0,0,0,0,0,2,0,0,0,256,-1,0,20,0.0,0.0,0.0,0.0,0.0,0.0,0.0,0.0,Bot
8080,6,02/03/2018 10:18:26,11392,3,4,326,129,326,0,108.6666667,188.2161878,112,0,32.25,53.7672453,39940.30899,614.4662921,1898.666667,4141.476629,10341.0,15.0,617.0,308.5,371.2310601,571.0,46.0,10836.0,3612.0,5830.373316,10341.0,64.0,0,0,0,0,72,92,263.3426966,351.1235955,0,326,56.875,115.4066568,13318.69643,0,0,1,1,0,0,0,1,1,65.0,108.6666667,32.25,0,0,0,0,0,0,3,326,4,129,8192,219,1,20,0.0,0.0,0.0,0.0,0.0,0.0,0.0,0.0,Bot
8080,6,02/03/2018 10:18:26,466,2,0,0,0,0,0,0.0,0.0,0,0,0.0,0.0,0.0,4291.845494,466.0,0.0,466.0,466.0,466.0,466.0,0.0,466.0,466.0,0.0,0.0,0.0,0.0,0.0,0,0,0,0,40,0,4291.845494,0.0,0,0,0.0,0.0,0.0,0,0,0,0,1,0,0,0,0,0.0,0.0,0.0,0,0,0,0,0,0,2,0,0,0,256,-1,0,20,0.0,0.0,0.0,0.0,0.0,0.0,0.0,0.0,Bot
8080,6,02/03/2018 10:18:28,11212,3,4,326,129,326,0,108.6666667,188.2161878,112,0,32.25,53.7672453,40581.5198,624.3310738,1868.666667,4073.483505,10172.0,16.0,597.0,298.5,352.8462838,548.0,49.0,10680.0,3560.0,5730.083071,10172.0,42.0,0,0,0,0,72,92,267.5704602,356.7606136,0,326,56.875,115.4066568,13318.69643,0,0,1,1,0,0,0,1,1,65.0,108.6666667,32.25,0,0,0,0,0,0,3,326,4,129,8192,219,1,20,0.0,0.0,0.0,0.0,0.0,0.0,0.0,0.0,Bot
8080,6,02/03/2018 10:18:28,626,2,0,0,0,0,0,0.0,0.0,0,0,0.0,0.0,0.0,3194.888179,626.0,0.0,626.0,626.0,626.0,626.0,0.0,626.0,626.0,0.0,0.0,0.0,0.0,0.0,0,0,0,0,40,0,3194.888179,0.0,0,0,0.0,0.0,0.0,0,0,0,0,1,0,0,0,0,0.0,0.0,0.0,0,0,0,0,0,0,2,0,0,0,2052,-1,0,20,0.0,0.0,0.0,0.0,0.0,0.0,0.0,0.0,Bot
8080,6,02/03/2018 10:18:30,11441,3,4,326,129,326,0,108.6666667,188.2161878,112,0,32.25,53.7672453,39769.25094,611.8346298,1906.833333,4228.102667,10527.0,1.0,590.0,295.0,347.8965363,541.0,49.0,10916.0,3638.666667,5968.609079,10527.0,1.0,0,0,0,0,72,92,262.2148414,349.6197885,0,326,56.875,115.4066568,13318.69643,0,0,1,1,0,0,0,1,1,65.0,108.6666667,32.25,0,0,0,0,0,0,3,326,4,129,8192,219,1,20,0.0,0.0,0.0,0.0,0.0,0.0,0.0,0.0,Bot
8080,6,02/03/2018 10:18:30,485,2,0,0,0,0,0,0.0,0.0,0,0,0.0,0.0,0.0,4123.71134,485.0,0.0,485.0,485.0,485.0,485.0,0.0,485.0,485.0,0.0,0.0,0.0,0.0,0.0,0,0,0,0,40,0,4123.71134,0.0,0,0,0.0,0.0,0.0,0,0,0,0,1,0,0,0,0,0.0,0.0,0.0,0,0,0,0,0,0,2,0,0,0,2052,-1,0,20,0.0,0.0,0.0,0.0,0.0,0.0,0.0,0.0,Bot
8080,6,02/03/2018 10:18:32,9906,3,4,326,129,326,0,108.6666667,188.2161878,112,0,32.25,53.7672453,45931.75853,706.6424389,1651.0,3646.293077,9086.0,17.0,510.0,255.0,291.3279938,461.0,49.0,9462.0,3154.0,5139.540544,9086.0,35.0,0,0,0,0,72,92,302.8467595,403.7956794,0,326,56.875,115.4066568,13318.69643,0,0,1,1,0,0,0,1,1,65.0,108.6666667,32.25,0,0,0,0,0,0,3,326,4,129,8192,219,1,20,0.0,0.0,0.0,0.0,0.0,0.0,0.0,0.0,Bot
8080,6,02/03/2018 10:18:32,467,2,0,0,0,0,0,0.0,0.0,0,0,0.0,0.0,0.0,4282.655246,467.0,0.0,467.0,467.0,467.0,467.0,0.0,467.0,467.0,0.0,0.0,0.0,0.0,0.0,0,0,0,0,40,0,4282.655246,0.0,0,0,0.0,0.0,0.0,0,0,0,0,1,0,0,0,0,0.0,0.0,0.0,0,0,0,0,0,0,2,0,0,0,2052,-1,0,20,0.0,0.0,0.0,0.0,0.0,0.0,0.0,0.0,Bot
8080,6,02/03/2018 10:18:34,10202,3,4,326,129,326,0,108.6666667,188.2161878,112,0,32.25,53.7672453,44599.09822,686.1399726,1700.333333,3713.312789,9271.0,18.0,560.0,280.0,298.3990617,491.0,69.0,9729.0,3243.0,5223.749324,9271.0,42.0,0,0,0,0,72,92,294.0599882,392.0799843,0,326,56.875,115.4066568,13318.69643,0,0,1,1,0,0,0,1,1,65.0,108.6666667,32.25,0,0,0,0,0,0,3,326,4,129,8192,219,1,20,0.0,0.0,0.0,0.0,0.0,0.0,0.0,0.0,Bot
8080,6,02/03/2018 10:18:34,459,2,0,0,0,0,0,0.0,0.0,0,0,0.0,0.0,0.0,4357.298475,459.0,0.0,459.0,459.0,459.0,459.0,0.0,459.0,459.0,0.0,0.0,0.0,0.0,0.0,0,0,0,0,40,0,4357.298475,0.0,0,0,0.0,0.0,0.0,0,0,0,0,1,0,0,0,0,0.0,0.0,0.0,0,0,0,0,0,0,2,0,0,0,2052,-1,0,20,0.0,0.0,0.0,0.0,0.0,0.0,0.0,0.0,Bot
8080,6,02/03/2018 10:18:36,10451,3,4,326,129,326,0,108.6666667,188.2161878,112,0,32.25,53.7672453,43536.50368,669.7923644,1741.833333,3729.854497,9340.0,18.0,649.0,324.5,389.6158364,600.0,49.0,9869.0,3289.666667,5244.898124,9340.0,32.0,0,0,0,0,72,92,287.0538704,382.7384939,0,326,56.875,115.4066568,13318.69643,0,0,1,1,0,0,0,1,1,65.0,108.6666667,32.25,0,0,0,0,0,0,3,326,4,129,8192,219,1,20,0.0,0.0,0.0,0.0,0.0,0.0,0.0,0.0,Bot
8080,6,02/03/2018 10:18:36,489,2,0,0,0,0,0,0.0,0.0,0,0,0.0,0.0,0.0,4089.97955,489.0,0.0,489.0,489.0,489.0,489.0,0.0,489.0,489.0,0.0,0.0,0.0,0.0,0.0,0,0,0,0,40,0,4089.97955,0.0,0,0,0.0,0.0,0.0,0,0,0,0,1,0,0,0,0,0.0,0.0,0.0,0,0,0,0,0,0,2,0,0,0,2052,-1,0,20,0.0,0.0,0.0,0.0,0.0,0.0,0.0,0.0,Bot
8080,6,02/03/2018 10:18:38,10243,3,4,326,129,326,0,108.6666667,188.2161878,112,0,32.25,53.7672453,44420.57991,683.393537,1707.166667,3743.045413,9341.0,20.0,490.0,245.0,275.7716447,440.0,50.0,9823.0,3274.333333,5255.621593,9341.0,106.0,0,0,0,0,72,92,292.8829444,390.5105926,0,326,56.875,115.4066568,13318.69643,0,0,1,1,0,0,0,1,1,65.0,108.6666667,32.25,0,0,0,0,0,0,3,326,4,129,8192,219,1,20,0.0,0.0,0.0,0.0,0.0,0.0,0.0,0.0,Bot
8080,6,02/03/2018 10:18:38,469,2,0,0,0,0,0,0.0,0.0,0,0,0.0,0.0,0.0,4264.392324,469.0,0.0,469.0,469.0,469.0,469.0,0.0,469.0,469.0,0.0,0.0,0.0,0.0,0.0,0,0,0,0,40,0,4264.392324,0.0,0,0,0.0,0.0,0.0,0,0,0,0,1,0,0,0,0,0.0,0.0,0.0,0,0,0,0,0,0,2,0,0,0,2052,-1,0,20,0.0,0.0,0.0,0.0,0.0,0.0,0.0,0.0,Bot
8080,6,02/03/2018 10:18:40,10866,3,4,326,129,326,0,108.6666667,188.2161878,112,0,32.25,53.7672453,41873.73458,644.2113013,1811.0,3972.503543,9909.0,19.0,616.0,308.0,360.6244584,563.0,53.0,10322.0,3440.666667,5604.36565,9909.0,35.0,0,0,0,0,72,92,276.0905577,368.1207436,0,326,56.875,115.4066568,13318.69643,0,0,1,1,0,0,0,1,1,65.0,108.6666667,32.25,0,0,0,0,0,0,3,326,4,129,8192,219,1,20,0.0,0.0,0.0,0.0,0.0,0.0,0.0,0.0,Bot
8080,6,02/03/2018 10:18:40,478,2,0,0,0,0,0,0.0,0.0,0,0,0.0,0.0,0.0,4184.100418,478.0,0.0,478.0,478.0,478.0,478.0,0.0,478.0,478.0,0.0,0.0,0.0,0.0,0.0,0,0,0,0,40,0,4184.100418,0.0,0,0,0.0,0.0,0.0,0,0,0,0,1,0,0,0,0,0.0,0.0,0.0,0,0,0,0,0,0,2,0,0,0,2052,-1,0,20,0.0,0.0,0.0,0.0,0.0,0.0,0.0,0.0,Bot
8080,6,02/03/2018 10:18:42,10370,3,4,326,129,326,0,108.6666667,188.2161878,112,0,32.25,53.7672453,43876.56702,675.024108,1728.333333,3787.464094,9452.0,22.0,521.0,260.5,297.6919549,471.0,50.0,9921.0,3307.0,5323.687538,9452.0,90.0,0,0,0,0,72,92,289.2960463,385.7280617,0,326,56.875,115.4066568,13318.69643,0,0,1,1,0,0,0,1,1,65.0,108.6666667,32.25,0,0,0,0,0,0,3,326,4,129,8192,219,1,20,0.0,0.0,0.0,0.0,0.0,0.0,0.0,0.0,Bot
8080,6,02/03/2018 10:18:42,463,2,0,0,0,0,0,0.0,0.0,0,0,0.0,0.0,0.0,4319.654428,463.0,0.0,463.0,463.0,463.0,463.0,0.0,463.0,463.0,0.0,0.0,0.0,0.0,0.0,0,0,0,0,40,0,4319.654428,0.0,0,0,0.0,0.0,0.0,0,0,0,0,1,0,0,0,0,0.0,0.0,0.0,0,0,0,0,0,0,2,0,0,0,2052,-1,0,20,0.0,0.0,0.0,0.0,0.0,0.0,0.0,0.0,Bot
8080,6,02/03/2018 10:18:44,10632,3,4,326,129,326,0,108.6666667,188.2161878,112,0,32.25,53.7672453,42795.33484,658.3897667,1772.0,3954.045877,9835.0,1.0,534.0,267.0,306.884343,484.0,50.0,10170.0,3390.0,5584.016565,9835.0,1.0,0,0,0,0,72,92,282.1670429,376.2227239,0,326,56.875,115.4066568,13318.69643,0,0,1,1,0,0,0,1,1,65.0,108.6666667,32.25,0,0,0,0,0,0,3,326,4,129,8192,219,1,20,0.0,0.0,0.0,0.0,0.0,0.0,0.0,0.0,Bot
8080,6,02/03/2018 10:18:44,514,2,0,0,0,0,0,0.0,0.0,0,0,0.0,0.0,0.0,3891.050584,514.0,0.0,514.0,514.0,514.0,514.0,0.0,514.0,514.0,0.0,0.0,0.0,0.0,0.0,0,0,0,0,40,0,3891.050584,0.0,0,0,0.0,0.0,0.0,0,0,0,0,1,0,0,0,0,0.0,0.0,0.0,0,0,0,0,0,0,2,0,0,0,2052,-1,0,20,0.0,0.0,0.0,0.0,0.0,0.0,0.0,0.0,Bot
8080,6,02/03/2018 10:18:46,10667,3,4,326,129,326,0,108.6666667,188.2161878,112,0,32.25,53.7672453,42654.91703,656.2294928,1777.833333,3898.989275,9726.0,26.0,620.0,310.0,367.6955262,570.0,50.0,10130.0,3376.666667,5501.499917,9726.0,26.0,0,0,0,0,72,92,281.2412112,374.9882816,0,326,56.875,115.4066568,13318.69643,0,0,1,1,0,0,0,1,1,65.0,108.6666667,32.25,0,0,0,0,0,0,3,326,4,129,8192,219,1,20,0.0,0.0,0.0,0.0,0.0,0.0,0.0,0.0,Bot
8080,6,02/03/2018 10:18:46,479,2,0,0,0,0,0,0.0,0.0,0,0,0.0,0.0,0.0,4175.365344,479.0,0.0,479.0,479.0,479.0,479.0,0.0,479.0,479.0,0.0,0.0,0.0,0.0,0.0,0,0,0,0,40,0,4175.365344,0.0,0,0,0.0,0.0,0.0,0,0,0,0,1,0,0,0,0,0.0,0.0,0.0,0,0,0,0,0,0,2,0,0,0,256,-1,0,20,0.0,0.0,0.0,0.0,0.0,0.0,0.0,0.0,Bot
8080,6,02/03/2018 10:18:48,10339,3,4,326,129,326,0,108.6666667,188.2161878,112,0,32.25,53.7672453,44008.12458,677.0480704,1723.166667,3804.682873,9482.0,17.0,493.0,246.5,282.1356057,446.0,47.0,9910.0,3303.333333,5353.273889,9482.0,54.0,0,0,0,0,72,92,290.1634587,386.8846117,0,326,56.875,115.4066568,13318.69643,0,0,1,1,0,0,0,1,1,65.0,108.6666667,32.25,0,0,0,0,0,0,3,326,4,129,8192,219,1,20,0.0,0.0,0.0,0.0,0.0,0.0,0.0,0.0,Bot
8080,6,02/03/2018 10:18:48,459,2,0,0,0,0,0,0.0,0.0,0,0,0.0,0.0,0.0,4357.298475,459.0,0.0,459.0,459.0,459.0,459.0,0.0,459.0,459.0,0.0,0.0,0.0,0.0,0.0,0,0,0,0,40,0,4357.298475,0.0,0,0,0.0,0.0,0.0,0,0,0,0,1,0,0,0,0,0.0,0.0,0.0,0,0,0,0,0,0,2,0,0,0,256,-1,0,20,0.0,0.0,0.0,0.0,0.0,0.0,0.0,0.0,Bot
8080,6,02/03/2018 10:18:50,10775,3,4,326,129,326,0,108.6666667,188.2161878,112,0,32.25,53.7672453,42227.37819,649.6519722,1795.833333,3989.247318,9930.0,15.0,569.0,284.5,327.3904397,516.0,53.0,10281.0,3427.0,5634.049787,9930.0,15.0,0,0,0,0,72,92,278.4222738,371.2296984,0,326,56.875,115.4066568,13318.69643,0,0,1,1,0,0,0,1,1,65.0,108.6666667,32.25,0,0,0,0,0,0,3,326,4,129,8192,219,1,20,0.0,0.0,0.0,0.0,0.0,0.0,0.0,0.0,Bot
8080,6,02/03/2018 10:18:50,491,2,0,0,0,0,0,0.0,0.0,0,0,0.0,0.0,0.0,4073.319756,491.0,0.0,491.0,491.0,491.0,491.0,0.0,491.0,491.0,0.0,0.0,0.0,0.0,0.0,0,0,0,0,40,0,4073.319756,0.0,0,0,0.0,0.0,0.0,0,0,0,0,1,0,0,0,0,0.0,0.0,0.0,0,0,0,0,0,0,2,0,0,0,2052,-1,0,20,0.0,0.0,0.0,0.0,0.0,0.0,0.0,0.0,Bot
8080,6,02/03/2018 10:18:52,10255,3,4,326,129,326,0,108.6666667,188.2161878,112,0,32.25,53.7672453,44368.60068,682.5938567,1709.166667,3741.383136,9337.0,22.0,569.0,284.5,328.8046533,517.0,52.0,9760.0,3253.333333,5270.933725,9337.0,55.0,0,0,0,0,72,92,292.5402243,390.0536324,0,326,56.875,115.4066568,13318.69643,0,0,1,1,0,0,0,1,1,65.0,108.6666667,32.25,0,0,0,0,0,0,3,326,4,129,8192,219,1,20,0.0,0.0,0.0,0.0,0.0,0.0,0.0,0.0,Bot
8080,6,02/03/2018 10:18:52,447,2,0,0,0,0,0,0.0,0.0,0,0,0.0,0.0,0.0,4474.272931,447.0,0.0,447.0,447.0,447.0,447.0,0.0,447.0,447.0,0.0,0.0,0.0,0.0,0.0,0,0,0,0,40,0,4474.272931,0.0,0,0,0.0,0.0,0.0,0,0,0,0,1,0,0,0,0,0.0,0.0,0.0,0,0,0,0,0,0,2,0,0,0,2052,-1,0,20,0.0,0.0,0.0,0.0,0.0,0.0,0.0,0.0,Bot
8080,6,02/03/2018 10:18:54,11500,3,4,326,129,326,0,108.6666667,188.2161878,112,0,32.25,53.7672453,39565.21739,608.6956522,1916.666667,4244.368253,10569.0,1.0,650.0,325.0,384.666089,597.0,53.0,10926.0,3642.0,6001.583374,10569.0,1.0,0,0,0,0,72,92,260.8695652,347.826087,0,326,56.875,115.4066568,13318.69643,0,0,1,1,0,0,0,1,1,65.0,108.6666667,32.25,0,0,0,0,0,0,3,326,4,129,8192,219,1,20,0.0,0.0,0.0,0.0,0.0,0.0,0.0,0.0,Bot
8080,6,02/03/2018 10:18:54,509,2,0,0,0,0,0,0.0,0.0,0,0,0.0,0.0,0.0,3929.273084,509.0,0.0,509.0,509.0,509.0,509.0,0.0,509.0,509.0,0.0,0.0,0.0,0.0,0.0,0,0,0,0,40,0,3929.273084,0.0,0,0,0.0,0.0,0.0,0,0,0,0,1,0,0,0,0,0.0,0.0,0.0,0,0,0,0,0,0,2,0,0,0,2052,-1,0,20,0.0,0.0,0.0,0.0,0.0,0.0,0.0,0.0,Bot
8080,6,02/03/2018 10:18:56,10749,3,4,326,129,326,0,108.6666667,188.2161878,112,0,32.25,53.7672453,42329.51903,651.2233696,1791.5,3973.73551,9895.0,22.0,547.0,273.5,309.0056634,492.0,55.0,10279.0,3426.333333,5604.173564,9895.0,37.0,0,0,0,0,72,92,279.0957298,372.1276398,0,326,56.875,115.4066568,13318.69643,0,0,1,1,0,0,0,1,1,65.0,108.6666667,32.25,0,0,0,0,0,0,3,326,4,129,8192,219,1,20,0.0,0.0,0.0,0.0,0.0,0.0,0.0,0.0,Bot
8080,6,02/03/2018 10:18:56,466,2,0,0,0,0,0,0.0,0.0,0,0,0.0,0.0,0.0,4291.845494,466.0,0.0,466.0,466.0,466.0,466.0,0.0,466.0,466.0,0.0,0.0,0.0,0.0,0.0,0,0,0,0,40,0,4291.845494,0.0,0,0,0.0,0.0,0.0,0,0,0,0,1,0,0,0,0,0.0,0.0,0.0,0,0,0,0,0,0,2,0,0,0,2052,-1,0,20,0.0,0.0,0.0,0.0,0.0,0.0,0.0,0.0,Bot
8080,6,02/03/2018 10:18:58,10557,3,4,326,129,326,0,108.6666667,188.2161878,112,0,32.25,53.7672453,43099.36535,663.0671592,1759.5,3842.539928,9592.0,15.0,575.0,287.5,331.6330804,522.0,53.0,10057.0,3352.333333,5408.085274,9592.0,15.0,0,0,0,0,72,92,284.1716397,378.8955196,0,326,56.875,115.4066568,13318.69643,0,0,1,1,0,0,0,1,1,65.0,108.6666667,32.25,0,0,0,0,0,0,3,326,4,129,8192,219,1,20,0.0,0.0,0.0,0.0,0.0,0.0,0.0,0.0,Bot
8080,6,02/03/2018 10:18:58,483,2,0,0,0,0,0,0.0,0.0,0,0,0.0,0.0,0.0,4140.786749,483.0,0.0,483.0,483.0,483.0,483.0,0.0,483.0,483.0,0.0,0.0,0.0,0.0,0.0,0,0,0,0,40,0,4140.786749,0.0,0,0,0.0,0.0,0.0,0,0,0,0,1,0,0,0,0,0.0,0.0,0.0,0,0,0,0,0,0,2,0,0,0,2052,-1,0,20,0.0,0.0,0.0,0.0,0.0,0.0,0.0,0.0,Bot
8080,6,02/03/2018 10:19:00,10537,3,4,326,129,326,0,108.6666667,188.2161878,112,0,32.25,53.7672453,43181.17111,664.3257094,1756.166667,3807.143676,9514.0,1.0,586.0,293.0,343.6538957,536.0,50.0,10020.0,3340.0,5352.776009,9514.0,1.0,0,0,0,0,72,92,284.7110183,379.6146911,0,326,56.875,115.4066568,13318.69643,0,0,1,1,0,0,0,1,1,65.0,108.6666667,32.25,0,0,0,0,0,0,3,326,4,129,8192,219,1,20,0.0,0.0,0.0,0.0,0.0,0.0,0.0,0.0,Bot
8080,6,02/03/2018 10:19:00,479,2,0,0,0,0,0,0.0,0.0,0,0,0.0,0.0,0.0,4175.365344,479.0,0.0,479.0,479.0,479.0,479.0,0.0,479.0,479.0,0.0,0.0,0.0,0.0,0.0,0,0,0,0,40,0,4175.365344,0.0,0,0,0.0,0.0,0.0,0,0,0,0,1,0,0,0,0,0.0,0.0,0.0,0,0,0,0,0,0,2,0,0,0,2052,-1,0,20,0.0,0.0,0.0,0.0,0.0,0.0,0.0,0.0,Bot
8080,6,02/03/2018 10:19:02,11266,3,4,326,129,326,0,108.6666667,188.2161878,112,0,32.25,53.7672453,40387.00515,621.3385407,1877.666667,4039.21664,10104.0,1.0,806.0,403.0,479.4183976,742.0,64.0,10553.0,3517.666667,5708.309061,10104.0,1.0,0,0,0,0,72,92,266.287946,355.0505947,0,326,56.875,115.4066568,13318.69643,0,0,1,1,0,0,0,1,1,65.0,108.6666667,32.25,0,0,0,0,0,0,3,326,4,129,8192,219,1,20,0.0,0.0,0.0,0.0,0.0,0.0,0.0,0.0,Bot
8080,6,02/03/2018 10:19:02,630,2,0,0,0,0,0,0.0,0.0,0,0,0.0,0.0,0.0,3174.603175,630.0,0.0,630.0,630.0,630.0,630.0,0.0,630.0,630.0,0.0,0.0,0.0,0.0,0.0,0,0,0,0,40,0,3174.603175,0.0,0,0,0.0,0.0,0.0,0,0,0,0,1,0,0,0,0,0.0,0.0,0.0,0,0,0,0,0,0,2,0,0,0,2052,-1,0,20,0.0,0.0,0.0,0.0,0.0,0.0,0.0,0.0,Bot
8080,6,02/03/2018 10:19:04,10612,3,4,326,129,326,0,108.6666667,188.2161878,112,0,32.25,53.7672453,42875.98945,659.6306069,1768.666667,3784.056589,9474.0,1.0,744.0,372.0,452.54834,692.0,52.0,9941.0,3313.666667,5340.068945,9474.0,1.0,0,0,0,0,72,92,282.6988315,376.9317753,0,326,56.875,115.4066568,13318.69643,0,0,1,1,0,0,0,1,1,65.0,108.6666667,32.25,0,0,0,0,0,0,3,326,4,129,8192,219,1,20,0.0,0.0,0.0,0.0,0.0,0.0,0.0,0.0,Bot
8080,6,02/03/2018 10:19:04,500,2,0,0,0,0,0,0.0,0.0,0,0,0.0,0.0,0.0,4000.0,500.0,0.0,500.0,500.0,500.0,500.0,0.0,500.0,500.0,0.0,0.0,0.0,0.0,0.0,0,0,0,0,40,0,4000.0,0.0,0,0,0.0,0.0,0.0,0,0,0,0,1,0,0,0,0,0.0,0.0,0.0,0,0,0,0,0,0,2,0,0,0,2052,-1,0,20,0.0,0.0,0.0,0.0,0.0,0.0,0.0,0.0,Bot
8080,6,02/03/2018 10:19:06,10765,3,4,326,129,326,0,108.6666667,188.2161878,112,0,32.25,53.7672453,42266.60474,650.2554575,1794.166667,3966.8735,9884.0,21.0,523.0,261.5,289.2066735,466.0,57.0,10320.0,3440.0,5583.317652,9884.0,46.0,0,0,0,0,72,92,278.6809104,371.5745471,0,326,56.875,115.4066568,13318.69643,0,0,1,1,0,0,0,1,1,65.0,108.6666667,32.25,0,0,0,0,0,0,3,326,4,129,8192,219,1,20,0.0,0.0,0.0,0.0,0.0,0.0,0.0,0.0,Bot
8080,6,02/03/2018 10:19:06,461,2,0,0,0,0,0,0.0,0.0,0,0,0.0,0.0,0.0,4338.394794,461.0,0.0,461.0,461.0,461.0,461.0,0.0,461.0,461.0,0.0,0.0,0.0,0.0,0.0,0,0,0,0,40,0,4338.394794,0.0,0,0,0.0,0.0,0.0,0,0,0,0,1,0,0,0,0,0.0,0.0,0.0,0,0,0,0,0,0,2,0,0,0,2052,-1,0,20,0.0,0.0,0.0,0.0,0.0,0.0,0.0,0.0,Bot
8080,6,02/03/2018 10:19:08,10957,3,4,326,129,326,0,108.6666667,188.2161878,112,0,32.25,53.7672453,41525.96514,638.8610021,1826.166667,4054.001501,10095.0,17.0,455.0,227.5,255.265548,408.0,47.0,10566.0,3522.0,5694.848813,10095.0,68.0,0,0,0,0,72,92,273.7975723,365.0634298,0,326,56.875,115.4066568,13318.69643,0,0,1,1,0,0,0,1,1,65.0,108.6666667,32.25,0,0,0,0,0,0,3,326,4,129,8192,219,1,20,0.0,0.0,0.0,0.0,0.0,0.0,0.0,0.0,Bot
8080,6,02/03/2018 10:19:08,436,2,0,0,0,0,0,0.0,0.0,0,0,0.0,0.0,0.0,4587.155963,436.0,0.0,436.0,436.0,436.0,436.0,0.0,436.0,436.0,0.0,0.0,0.0,0.0,0.0,0,0,0,0,40,0,4587.155963,0.0,0,0,0.0,0.0,0.0,0,0,0,0,1,0,0,0,0,0.0,0.0,0.0,0,0,0,0,0,0,2,0,0,0,256,-1,0,20,0.0,0.0,0.0,0.0,0.0,0.0,0.0,0.0,Bot
8080,6,02/03/2018 10:19:10,10332,3,4,326,129,326,0,108.6666667,188.2161878,112,0,32.25,53.7672453,44037.94038,677.5067751,1722.0,3802.972995,9475.0,1.0,556.0,278.0,322.4406922,506.0,50.0,9846.0,3282.0,5366.467833,9475.0,1.0,0,0,0,0,72,92,290.3600465,387.1467286,0,326,56.875,115.4066568,13318.69643,0,0,1,1,0,0,0,1,1,65.0,108.6666667,32.25,0,0,0,0,0,0,3,326,4,129,8192,219,1,20,0.0,0.0,0.0,0.0,0.0,0.0,0.0,0.0,Bot
8080,6,02/03/2018 10:19:10,485,2,0,0,0,0,0,0.0,0.0,0,0,0.0,0.0,0.0,4123.71134,485.0,0.0,485.0,485.0,485.0,485.0,0.0,485.0,485.0,0.0,0.0,0.0,0.0,0.0,0,0,0,0,40,0,4123.71134,0.0,0,0,0.0,0.0,0.0,0,0,0,0,1,0,0,0,0,0.0,0.0,0.0,0,0,0,0,0,0,2,0,0,0,2052,-1,0,20,0.0,0.0,0.0,0.0,0.0,0.0,0.0,0.0,Bot
8080,6,02/03/2018 10:19:12,10744,3,4,326,129,326,0,108.6666667,188.2161878,112,0,32.25,53.7672453,42349.21817,651.5264334,1790.666667,3971.573777,9890.0,20.0,532.0,266.0,304.0559159,481.0,51.0,10283.0,3427.666667,5598.568061,9890.0,46.0,0,0,0,0,72,92,279.2256143,372.3008191,0,326,56.875,115.4066568,13318.69643,0,0,1,1,0,0,0,1,1,65.0,108.6666667,32.25,0,0,0,0,0,0,3,326,4,129,8192,219,1,20,0.0,0.0,0.0,0.0,0.0,0.0,0.0,0.0,Bot
8080,6,02/03/2018 10:19:12,461,2,0,0,0,0,0,0.0,0.0,0,0,0.0,0.0,0.0,4338.394794,461.0,0.0,461.0,461.0,461.0,461.0,0.0,461.0,461.0,0.0,0.0,0.0,0.0,0.0,0,0,0,0,40,0,4338.394794,0.0,0,0,0.0,0.0,0.0,0,0,0,0,1,0,0,0,0,0.0,0.0,0.0,0,0,0,0,0,0,2,0,0,0,256,-1,0,20,0.0,0.0,0.0,0.0,0.0,0.0,0.0,0.0,Bot
8080,6,02/03/2018 10:19:14,10399,3,4,326,129,326,0,108.6666667,188.2161878,112,0,32.25,53.7672453,43754.20714,673.1416482,1733.166667,3796.699905,9477.0,21.0,513.0,256.5,272.2361108,449.0,64.0,9971.0,3323.666667,5330.362308,9477.0,124.0,0,0,0,0,72,92,288.4892778,384.6523704,0,326,56.875,115.4066568,13318.69643,0,0,1,1,0,0,0,1,1,65.0,108.6666667,32.25,0,0,0,0,0,0,3,326,4,129,8192,219,1,20,0.0,0.0,0.0,0.0,0.0,0.0,0.0,0.0,Bot
8080,6,02/03/2018 10:19:14,441,2,0,0,0,0,0,0.0,0.0,0,0,0.0,0.0,0.0,4535.147392,441.0,0.0,441.0,441.0,441.0,441.0,0.0,441.0,441.0,0.0,0.0,0.0,0.0,0.0,0,0,0,0,40,0,4535.147392,0.0,0,0,0.0,0.0,0.0,0,0,0,0,1,0,0,0,0,0.0,0.0,0.0,0,0,0,0,0,0,2,0,0,0,2052,-1,0,20,0.0,0.0,0.0,0.0,0.0,0.0,0.0,0.0,Bot
8080,6,02/03/2018 10:19:16,11207,3,4,326,129,326,0,108.6666667,188.2161878,112,0,32.25,53.7672453,40599.62523,624.609619,1867.833333,4085.23617,10197.0,21.0,573.0,286.5,333.0472939,522.0,51.0,10706.0,3568.666667,5743.599249,10197.0,60.0,0,0,0,0,72,92,267.6898367,356.9197823,0,326,56.875,115.4066568,13318.69643,0,0,1,1,0,0,0,1,1,65.0,108.6666667,32.25,0,0,0,0,0,0,3,326,4,129,8192,219,1,20,0.0,0.0,0.0,0.0,0.0,0.0,0.0,0.0,Bot
8080,6,02/03/2018 10:19:16,457,2,0,0,0,0,0,0.0,0.0,0,0,0.0,0.0,0.0,4376.367615,457.0,0.0,457.0,457.0,457.0,457.0,0.0,457.0,457.0,0.0,0.0,0.0,0.0,0.0,0,0,0,0,40,0,4376.367615,0.0,0,0,0.0,0.0,0.0,0,0,0,0,1,0,0,0,0,0.0,0.0,0.0,0,0,0,0,0,0,2,0,0,0,2052,-1,0,20,0.0,0.0,0.0,0.0,0.0,0.0,0.0,0.0,Bot
8080,6,02/03/2018 10:19:18,10307,3,4,326,129,326,0,108.6666667,188.2161878,112,0,32.25,53.7672453,44144.75599,679.1500922,1717.833333,3836.21696,9541.0,0.0,505.0,252.5,284.9640328,454.0,51.0,9875.0,3291.666667,5414.657361,9541.0,0.0,0,0,0,0,72,92,291.0643252,388.085767,0,326,56.875,115.4066568,13318.69643,0,0,1,1,0,0,0,1,1,65.0,108.6666667,32.25,0,0,0,0,0,0,3,326,4,129,8192,219,1,20,0.0,0.0,0.0,0.0,0.0,0.0,0.0,0.0,Bot
8080,6,02/03/2018 10:19:18,498,2,0,0,0,0,0,0.0,0.0,0,0,0.0,0.0,0.0,4016.064257,498.0,0.0,498.0,498.0,498.0,498.0,0.0,498.0,498.0,0.0,0.0,0.0,0.0,0.0,0,0,0,0,40,0,4016.064257,0.0,0,0,0.0,0.0,0.0,0,0,0,0,1,0,0,0,0,0.0,0.0,0.0,0,0,0,0,0,0,2,0,0,0,2052,-1,0,20,0.0,0.0,0.0,0.0,0.0,0.0,0.0,0.0,Bot
8080,6,02/03/2018 10:19:20,10441,3,4,326,129,326,0,108.6666667,188.2161878,112,0,32.25,53.7672453,43578.20132,670.4338665,1740.166667,3846.881356,9585.0,33.0,532.0,266.0,304.0559159,481.0,51.0,9994.0,3331.333333,5418.548914,9585.0,33.0,0,0,0,0,72,92,287.3287999,383.1050666,0,326,56.875,115.4066568,13318.69643,0,0,1,1,0,0,0,1,1,65.0,108.6666667,32.25,0,0,0,0,0,0,3,326,4,129,8192,219,1,20,0.0,0.0,0.0,0.0,0.0,0.0,0.0,0.0,Bot
8080,6,02/03/2018 10:19:20,477,2,0,0,0,0,0,0.0,0.0,0,0,0.0,0.0,0.0,4192.872117,477.0,0.0,477.0,477.0,477.0,477.0,0.0,477.0,477.0,0.0,0.0,0.0,0.0,0.0,0,0,0,0,40,0,4192.872117,0.0,0,0,0.0,0.0,0.0,0,0,0,0,1,0,0,0,0,0.0,0.0,0.0,0,0,0,0,0,0,2,0,0,0,2052,-1,0,20,0.0,0.0,0.0,0.0,0.0,0.0,0.0,0.0,Bot
8080,6,02/03/2018 10:19:22,10456,3,4,326,129,326,0,108.6666667,188.2161878,112,0,32.25,53.7672453,43515.68477,669.4720735,1742.666667,3864.386868,9623.0,1.0,502.0,251.0,280.0142853,449.0,53.0,10039.0,3346.333333,5439.692761,9623.0,1.0,0,0,0,0,72,92,286.9166029,382.5554705,0,326,56.875,115.4066568,13318.69643,0,0,1,1,0,0,0,1,1,65.0,108.6666667,32.25,0,0,0,0,0,0,3,326,4,129,8192,219,1,20,0.0,0.0,0.0,0.0,0.0,0.0,0.0,0.0,Bot
8080,6,02/03/2018 10:19:22,536,2,0,0,0,0,0,0.0,0.0,0,0,0.0,0.0,0.0,3731.343284,536.0,0.0,536.0,536.0,536.0,536.0,0.0,536.0,536.0,0.0,0.0,0.0,0.0,0.0,0,0,0,0,40,0,3731.343284,0.0,0,0,0.0,0.0,0.0,0,0,0,0,1,0,0,0,0,0.0,0.0,0.0,0,0,0,0,0,0,2,0,0,0,2052,-1,0,20,0.0,0.0,0.0,0.0,0.0,0.0,0.0,0.0,Bot
8080,6,02/03/2018 10:19:24,10318,3,4,326,129,326,0,108.6666667,188.2161878,112,0,32.25,53.7672453,44097.69335,678.4260516,1719.666667,3770.968187,9407.0,21.0,601.0,300.5,351.4320702,549.0,52.0,9790.0,3263.333333,5322.506208,9407.0,48.0,0,0,0,0,72,92,290.7540221,387.6720295,0,326,56.875,115.4066568,13318.69643,0,0,1,1,0,0,0,1,1,65.0,108.6666667,32.25,0,0,0,0,0,0,3,326,4,129,8192,219,1,20,0.0,0.0,0.0,0.0,0.0,0.0,0.0,0.0,Bot
8080,6,02/03/2018 10:19:24,456,2,0,0,0,0,0,0.0,0.0,0,0,0.0,0.0,0.0,4385.964912,456.0,0.0,456.0,456.0,456.0,456.0,0.0,456.0,456.0,0.0,0.0,0.0,0.0,0.0,0,0,0,0,40,0,4385.964912,0.0,0,0,0.0,0.0,0.0,0,0,0,0,1,0,0,0,0,0.0,0.0,0.0,0,0,0,0,0,0,2,0,0,0,2052,-1,0,20,0.0,0.0,0.0,0.0,0.0,0.0,0.0,0.0,Bot
8080,6,02/03/2018 10:19:26,10824,3,4,326,129,326,0,108.6666667,188.2161878,112,0,32.25,53.7672453,42036.21582,646.7110126,1804.0,3947.721621,9852.0,20.0,597.0,298.5,351.4320702,547.0,50.0,10297.0,3432.333333,5562.177661,9852.0,53.0,0,0,0,0,72,92,277.1618625,369.54915,0,326,56.875,115.4066568,13318.69643,0,0,1,1,0,0,0,1,1,65.0,108.6666667,32.25,0,0,0,0,0,0,3,326,4,129,8192,219,1,20,0.0,0.0,0.0,0.0,0.0,0.0,0.0,0.0,Bot
8080,6,02/03/2018 10:19:26,452,2,0,0,0,0,0,0.0,0.0,0,0,0.0,0.0,0.0,4424.778761,452.0,0.0,452.0,452.0,452.0,452.0,0.0,452.0,452.0,0.0,0.0,0.0,0.0,0.0,0,0,0,0,40,0,4424.778761,0.0,0,0,0.0,0.0,0.0,0,0,0,0,1,0,0,0,0,0.0,0.0,0.0,0,0,0,0,0,0,2,0,0,0,2052,-1,0,20,0.0,0.0,0.0,0.0,0.0,0.0,0.0,0.0,Bot
8080,6,02/03/2018 10:19:28,10835,3,4,326,129,326,0,108.6666667,188.2161878,112,0,32.25,53.7672453,41993.53946,646.0544532,1805.833333,3930.383667,9815.0,14.0,670.0,335.0,398.8082246,617.0,53.0,10239.0,3413.0,5547.829035,9815.0,14.0,0,0,0,0,72,92,276.8804799,369.1739732,0,326,56.875,115.4066568,13318.69643,0,0,1,1,0,0,0,1,1,65.0,108.6666667,32.25,0,0,0,0,0,0,3,326,4,129,8192,219,1,20,0.0,0.0,0.0,0.0,0.0,0.0,0.0,0.0,Bot
8080,6,02/03/2018 10:19:28,495,2,0,0,0,0,0,0.0,0.0,0,0,0.0,0.0,0.0,4040.40404,495.0,0.0,495.0,495.0,495.0,495.0,0.0,495.0,495.0,0.0,0.0,0.0,0.0,0.0,0,0,0,0,40,0,4040.40404,0.0,0,0,0.0,0.0,0.0,0,0,0,0,1,0,0,0,0,0.0,0.0,0.0,0,0,0,0,0,0,2,0,0,0,2052,-1,0,20,0.0,0.0,0.0,0.0,0.0,0.0,0.0,0.0,Bot
8080,6,02/03/2018 10:19:30,10682,3,4,326,129,326,0,108.6666667,188.2161878,112,0,32.25,53.7672453,42595.01966,655.3079948,1780.333333,3913.086642,9759.0,21.0,563.0,281.5,325.9762261,512.0,51.0,10191.0,3397.0,5512.034742,9759.0,54.0,0,0,0,0,72,92,280.8462835,374.4617113,0,326,56.875,115.4066568,13318.69643,0,0,1,1,0,0,0,1,1,65.0,108.6666667,32.25,0,0,0,0,0,0,3,326,4,129,8192,219,1,20,0.0,0.0,0.0,0.0,0.0,0.0,0.0,0.0,Bot
8080,6,02/03/2018 10:19:30,453,2,0,0,0,0,0,0.0,0.0,0,0,0.0,0.0,0.0,4415.011038,453.0,0.0,453.0,453.0,453.0,453.0,0.0,453.0,453.0,0.0,0.0,0.0,0.0,0.0,0,0,0,0,40,0,4415.011038,0.0,0,0,0.0,0.0,0.0,0,0,0,0,1,0,0,0,0,0.0,0.0,0.0,0,0,0,0,0,0,2,0,0,0,2052,-1,0,20,0.0,0.0,0.0,0.0,0.0,0.0,0.0,0.0,Bot
8080,6,02/03/2018 10:19:32,11027,3,4,326,129,326,0,108.6666667,188.2161878,112,0,32.25,53.7672453,41262.35604,634.8054775,1837.833333,4050.274826,10096.0,21.0,587.0,293.5,342.9467889,536.0,51.0,10512.0,3504.0,5711.194621,10096.0,44.0,0,0,0,0,72,92,272.0594903,362.7459871,0,326,56.875,115.4066568,13318.69643,0,0,1,1,0,0,0,1,1,65.0,108.6666667,32.25,0,0,0,0,0,0,3,326,4,129,8192,219,1,20,0.0,0.0,0.0,0.0,0.0,0.0,0.0,0.0,Bot
8080,6,02/03/2018 10:19:32,431,2,0,0,0,0,0,0.0,0.0,0,0,0.0,0.0,0.0,4640.37123,431.0,0.0,431.0,431.0,431.0,431.0,0.0,431.0,431.0,0.0,0.0,0.0,0.0,0.0,0,0,0,0,40,0,4640.37123,0.0,0,0,0.0,0.0,0.0,0,0,0,0,1,0,0,0,0,0.0,0.0,0.0,0,0,0,0,0,0,2,0,0,0,2052,-1,0,20,0.0,0.0,0.0,0.0,0.0,0.0,0.0,0.0,Bot
8080,6,02/03/2018 10:19:34,10461,3,4,326,129,326,0,108.6666667,188.2161878,112,0,32.25,53.7672453,43494.88577,669.1520887,1743.5,3763.900995,9414.0,20.0,649.0,324.5,388.2016229,599.0,50.0,9882.0,3294.0,5302.581353,9414.0,71.0,0,0,0,0,72,92,286.7794666,382.3726221,0,326,56.875,115.4066568,13318.69643,0,0,1,1,0,0,0,1,1,65.0,108.6666667,32.25,0,0,0,0,0,0,3,326,4,129,8192,219,1,20,0.0,0.0,0.0,0.0,0.0,0.0,0.0,0.0,Bot
8080,6,02/03/2018 10:19:34,464,2,0,0,0,0,0,0.0,0.0,0,0,0.0,0.0,0.0,4310.344828,464.0,0.0,464.0,464.0,464.0,464.0,0.0,464.0,464.0,0.0,0.0,0.0,0.0,0.0,0,0,0,0,40,0,4310.344828,0.0,0,0,0.0,0.0,0.0,0,0,0,0,1,0,0,0,0,0.0,0.0,0.0,0,0,0,0,0,0,2,0,0,0,2052,-1,0,20,0.0,0.0,0.0,0.0,0.0,0.0,0.0,0.0,Bot
8080,6,02/03/2018 10:19:36,11241,3,4,326,129,326,0,108.6666667,188.2161878,112,0,32.25,53.7672453,40476.82591,622.7203985,1873.5,4208.619144,10457.0,0.0,511.0,255.5,292.0351006,462.0,49.0,10798.0,3599.333333,5941.360478,10457.0,0.0,0,0,0,0,72,92,266.8801708,355.8402277,0,326,56.875,115.4066568,13318.69643,0,0,1,1,0,0,0,1,1,65.0,108.6666667,32.25,0,0,0,0,0,0,3,326,4,129,8192,219,1,20,0.0,0.0,0.0,0.0,0.0,0.0,0.0,0.0,Bot
8080,6,02/03/2018 10:19:36,684,2,0,0,0,0,0,0.0,0.0,0,0,0.0,0.0,0.0,2923.976608,684.0,0.0,684.0,684.0,684.0,684.0,0.0,684.0,684.0,0.0,0.0,0.0,0.0,0.0,0,0,0,0,40,0,2923.976608,0.0,0,0,0.0,0.0,0.0,0,0,0,0,1,0,0,0,0,0.0,0.0,0.0,0,0,0,0,0,0,2,0,0,0,2052,-1,0,20,0.0,0.0,0.0,0.0,0.0,0.0,0.0,0.0,Bot
8080,6,02/03/2018 10:19:38,10673,3,4,326,129,326,0,108.6666667,188.2161878,112,0,32.25,53.7672453,42630.93788,655.8605828,1778.833333,3911.633593,9753.0,0.0,552.0,276.0,318.1980515,501.0,51.0,10193.0,3397.666667,5508.275259,9753.0,0.0,0,0,0,0,72,92,281.0831069,374.7774759,0,326,56.875,115.4066568,13318.69643,0,0,1,1,0,0,0,1,1,65.0,108.6666667,32.25,0,0,0,0,0,0,3,326,4,129,8192,219,1,20,0.0,0.0,0.0,0.0,0.0,0.0,0.0,0.0,Bot
8080,6,02/03/2018 10:19:38,475,2,0,0,0,0,0,0.0,0.0,0,0,0.0,0.0,0.0,4210.526316,475.0,0.0,475.0,475.0,475.0,475.0,0.0,475.0,475.0,0.0,0.0,0.0,0.0,0.0,0,0,0,0,40,0,4210.526316,0.0,0,0,0.0,0.0,0.0,0,0,0,0,1,0,0,0,0,0.0,0.0,0.0,0,0,0,0,0,0,2,0,0,0,2052,-1,0,20,0.0,0.0,0.0,0.0,0.0,0.0,0.0,0.0,Bot
8080,6,02/03/2018 10:19:40,11185,3,4,326,129,326,0,108.6666667,188.2161878,112,0,32.25,53.7672453,40679.48145,625.8381761,1864.166667,4119.297242,10265.0,21.0,535.0,267.5,306.1772363,484.0,51.0,10722.0,3574.0,5796.854061,10265.0,66.0,0,0,0,0,72,92,268.2163612,357.6218149,0,326,56.875,115.4066568,13318.69643,0,0,1,1,0,0,0,1,1,65.0,108.6666667,32.25,0,0,0,0,0,0,3,326,4,129,8192,219,1,20,0.0,0.0,0.0,0.0,0.0,0.0,0.0,0.0,Bot
8080,6,02/03/2018 10:19:40,461,2,0,0,0,0,0,0.0,0.0,0,0,0.0,0.0,0.0,4338.394794,461.0,0.0,461.0,461.0,461.0,461.0,0.0,461.0,461.0,0.0,0.0,0.0,0.0,0.0,0,0,0,0,40,0,4338.394794,0.0,0,0,0.0,0.0,0.0,0,0,0,0,1,0,0,0,0,0.0,0.0,0.0,0,0,0,0,0,0,2,0,0,0,2052,-1,0,20,0.0,0.0,0.0,0.0,0.0,0.0,0.0,0.0,Bot
8080,6,02/03/2018 10:19:42,10749,3,4,326,129,326,0,108.6666667,188.2161878,112,0,32.25,53.7672453,42329.51903,651.2233696,1791.5,3967.259344,9883.0,22.0,519.0,259.5,289.2066735,464.0,55.0,10307.0,3435.666667,5585.259558,9883.0,74.0,0,0,0,0,72,92,279.0957298,372.1276398,0,326,56.875,115.4066568,13318.69643,0,0,1,1,0,0,0,1,1,65.0,108.6666667,32.25,0,0,0,0,0,0,3,326,4,129,8192,219,1,20,0.0,0.0,0.0,0.0,0.0,0.0,0.0,0.0,Bot
8080,6,02/03/2018 10:19:42,509,2,0,0,0,0,0,0.0,0.0,0,0,0.0,0.0,0.0,3929.273084,509.0,0.0,509.0,509.0,509.0,509.0,0.0,509.0,509.0,0.0,0.0,0.0,0.0,0.0,0,0,0,0,40,0,3929.273084,0.0,0,0,0.0,0.0,0.0,0,0,0,0,1,0,0,0,0,0.0,0.0,0.0,0,0,0,0,0,0,2,0,0,0,2052,-1,0,20,0.0,0.0,0.0,0.0,0.0,0.0,0.0,0.0,Bot
8080,6,02/03/2018 10:19:44,10661,3,4,326,129,326,0,108.6666667,188.2161878,112,0,32.25,53.7672453,42678.92318,656.5988181,1776.833333,3931.556202,9795.0,19.0,527.0,263.5,301.9345956,477.0,50.0,10203.0,3401.0,5538.777121,9795.0,79.0,0,0,0,0,72,92,281.3994935,375.1993246,0,326,56.875,115.4066568,13318.69643,0,0,1,1,0,0,0,1,1,65.0,108.6666667,32.25,0,0,0,0,0,0,3,326,4,129,8192,219,1,20,0.0,0.0,0.0,0.0,0.0,0.0,0.0,0.0,Bot
8080,6,02/03/2018 10:19:44,440,2,0,0,0,0,0,0.0,0.0,0,0,0.0,0.0,0.0,4545.454545,440.0,0.0,440.0,440.0,440.0,440.0,0.0,440.0,440.0,0.0,0.0,0.0,0.0,0.0,0,0,0,0,40,0,4545.454545,0.0,0,0,0.0,0.0,0.0,0,0,0,0,1,0,0,0,0,0.0,0.0,0.0,0,0,0,0,0,0,2,0,0,0,2052,-1,0,20,0.0,0.0,0.0,0.0,0.0,0.0,0.0,0.0,Bot
8080,6,02/03/2018 10:19:46,10485,3,4,326,129,326,0,108.6666667,188.2161878,112,0,32.25,53.7672453,43395.32666,667.6204101,1747.5,3851.332172,9602.0,21.0,525.0,262.5,300.520382,475.0,50.0,10031.0,3343.666667,5421.237343,9602.0,93.0,0,0,0,0,72,92,286.1230329,381.4973772,0,326,56.875,115.4066568,13318.69643,0,0,1,1,0,0,0,1,1,65.0,108.6666667,32.25,0,0,0,0,0,0,3,326,4,129,8192,219,1,20,0.0,0.0,0.0,0.0,0.0,0.0,0.0,0.0,Bot
8080,6,02/03/2018 10:19:46,438,2,0,0,0,0,0,0.0,0.0,0,0,0.0,0.0,0.0,4566.210046,438.0,0.0,438.0,438.0,438.0,438.0,0.0,438.0,438.0,0.0,0.0,0.0,0.0,0.0,0,0,0,0,40,0,4566.210046,0.0,0,0,0.0,0.0,0.0,0,0,0,0,1,0,0,0,0,0.0,0.0,0.0,0,0,0,0,0,0,2,0,0,0,2052,-1,0,20,0.0,0.0,0.0,0.0,0.0,0.0,0.0,0.0,Bot
8080,6,02/03/2018 10:19:48,10297,3,4,326,129,326,0,108.6666667,188.2161878,112,0,32.25,53.7672453,44187.62746,679.8096533,1716.166667,3790.526371,9444.0,15.0,567.0,283.5,328.8046533,516.0,51.0,9801.0,3267.0,5351.936939,9444.0,15.0,0,0,0,0,72,92,291.3469943,388.462659,0,326,56.875,115.4066568,13318.69643,0,0,1,1,0,0,0,1,1,65.0,108.6666667,32.25,0,0,0,0,0,0,3,326,4,129,8192,219,1,20,0.0,0.0,0.0,0.0,0.0,0.0,0.0,0.0,Bot
8080,6,02/03/2018 10:19:48,481,2,0,0,0,0,0,0.0,0.0,0,0,0.0,0.0,0.0,4158.004158,481.0,0.0,481.0,481.0,481.0,481.0,0.0,481.0,481.0,0.0,0.0,0.0,0.0,0.0,0,0,0,0,40,0,4158.004158,0.0,0,0,0.0,0.0,0.0,0,0,0,0,1,0,0,0,0,0.0,0.0,0.0,0,0,0,0,0,0,2,0,0,0,2052,-1,0,20,0.0,0.0,0.0,0.0,0.0,0.0,0.0,0.0,Bot
8080,6,02/03/2018 10:19:50,10584,3,4,326,129,326,0,108.6666667,188.2161878,112,0,32.25,53.7672453,42989.41799,661.3756614,1764.0,3909.307765,9735.0,16.0,558.0,279.0,319.6122651,505.0,53.0,10100.0,3366.666667,5517.651161,9735.0,16.0,0,0,0,0,72,92,283.446712,377.9289494,0,326,56.875,115.4066568,13318.69643,0,0,1,1,0,0,0,1,1,65.0,108.6666667,32.25,0,0,0,0,0,0,3,326,4,129,8192,219,1,20,0.0,0.0,0.0,0.0,0.0,0.0,0.0,0.0,Bot
8080,6,02/03/2018 10:19:50,485,2,0,0,0,0,0,0.0,0.0,0,0,0.0,0.0,0.0,4123.71134,485.0,0.0,485.0,485.0,485.0,485.0,0.0,485.0,485.0,0.0,0.0,0.0,0.0,0.0,0,0,0,0,40,0,4123.71134,0.0,0,0,0.0,0.0,0.0,0,0,0,0,1,0,0,0,0,0.0,0.0,0.0,0,0,0,0,0,0,2,0,0,0,2052,-1,0,20,0.0,0.0,0.0,0.0,0.0,0.0,0.0,0.0,Bot
8080,6,02/03/2018 10:19:52,10267,3,4,326,129,326,0,108.6666667,188.2161878,112,0,32.25,53.7672453,44316.74296,681.7960456,1711.166667,3743.758829,9343.0,22.0,588.0,294.0,332.3401872,529.0,59.0,9760.0,3253.333333,5276.825971,9343.0,30.0,0,0,0,0,72,92,292.1983052,389.5977403,0,326,56.875,115.4066568,13318.69643,0,0,1,1,0,0,0,1,1,65.0,108.6666667,32.25,0,0,0,0,0,0,3,326,4,129,8192,219,1,20,0.0,0.0,0.0,0.0,0.0,0.0,0.0,0.0,Bot
8080,6,02/03/2018 10:19:52,500,2,0,0,0,0,0,0.0,0.0,0,0,0.0,0.0,0.0,4000.0,500.0,0.0,500.0,500.0,500.0,500.0,0.0,500.0,500.0,0.0,0.0,0.0,0.0,0.0,0,0,0,0,40,0,4000.0,0.0,0,0,0.0,0.0,0.0,0,0,0,0,1,0,0,0,0,0.0,0.0,0.0,0,0,0,0,0,0,2,0,0,0,2052,-1,0,20,0.0,0.0,0.0,0.0,0.0,0.0,0.0,0.0,Bot
8080,6,02/03/2018 10:19:54,10991,3,4,326,129,326,0,108.6666667,188.2161878,112,0,32.25,53.7672453,41397.50705,636.8847239,1831.833333,4079.124829,10152.0,44.0,559.0,279.5,316.0767312,503.0,56.0,10540.0,3513.333333,5751.210423,10152.0,44.0,0,0,0,0,72,92,272.9505959,363.9341279,0,326,56.875,115.4066568,13318.69643,0,0,1,1,0,0,0,1,1,65.0,108.6666667,32.25,0,0,0,0,0,0,3,326,4,129,8192,219,1,20,0.0,0.0,0.0,0.0,0.0,0.0,0.0,0.0,Bot
8080,6,02/03/2018 10:19:54,456,2,0,0,0,0,0,0.0,0.0,0,0,0.0,0.0,0.0,4385.964912,456.0,0.0,456.0,456.0,456.0,456.0,0.0,456.0,456.0,0.0,0.0,0.0,0.0,0.0,0,0,0,0,40,0,4385.964912,0.0,0,0,0.0,0.0,0.0,0,0,0,0,1,0,0,0,0,0.0,0.0,0.0,0,0,0,0,0,0,2,0,0,0,2052,-1,0,20,0.0,0.0,0.0,0.0,0.0,0.0,0.0,0.0,Bot
8080,6,02/03/2018 10:19:56,10156,3,4,326,129,326,0,108.6666667,188.2161878,112,0,32.25,53.7672453,44801.1028,689.2477353,1692.666667,3724.971499,9287.0,18.0,557.0,278.5,323.147799,507.0,50.0,9667.0,3222.333333,5254.412654,9287.0,36.0,0,0,0,0,72,92,295.3918866,393.8558488,0,326,56.875,115.4066568,13318.69643,0,0,1,1,0,0,0,1,1,65.0,108.6666667,32.25,0,0,0,0,0,0,3,326,4,129,8192,219,1,20,0.0,0.0,0.0,0.0,0.0,0.0,0.0,0.0,Bot
8080,6,02/03/2018 10:19:56,459,2,0,0,0,0,0,0.0,0.0,0,0,0.0,0.0,0.0,4357.298475,459.0,0.0,459.0,459.0,459.0,459.0,0.0,459.0,459.0,0.0,0.0,0.0,0.0,0.0,0,0,0,0,40,0,4357.298475,0.0,0,0,0.0,0.0,0.0,0,0,0,0,1,0,0,0,0,0.0,0.0,0.0,0,0,0,0,0,0,2,0,0,0,2052,-1,0,20,0.0,0.0,0.0,0.0,0.0,0.0,0.0,0.0,Bot
8080,6,02/03/2018 10:19:58,10616,3,4,326,129,326,0,108.6666667,188.2161878,112,0,32.25,53.7672453,42859.83421,659.3820648,1769.333333,3840.450737,9600.0,16.0,550.0,275.0,321.0264787,502.0,48.0,10130.0,3376.666667,5391.255265,9600.0,130.0,0,0,0,0,72,92,282.5923135,376.7897513,0,326,56.875,115.4066568,13318.69643,0,0,1,1,0,0,0,1,1,65.0,108.6666667,32.25,0,0,0,0,0,0,3,326,4,129,8192,219,1,20,0.0,0.0,0.0,0.0,0.0,0.0,0.0,0.0,Bot
8080,6,02/03/2018 10:19:58,424,2,0,0,0,0,0,0.0,0.0,0,0,0.0,0.0,0.0,4716.981132,424.0,0.0,424.0,424.0,424.0,424.0,0.0,424.0,424.0,0.0,0.0,0.0,0.0,0.0,0,0,0,0,40,0,4716.981132,0.0,0,0,0.0,0.0,0.0,0,0,0,0,1,0,0,0,0,0.0,0.0,0.0,0,0,0,0,0,0,2,0,0,0,2052,-1,0,20,0.0,0.0,0.0,0.0,0.0,0.0,0.0,0.0,Bot
8080,6,02/03/2018 10:20:00,10263,3,4,326,129,326,0,108.6666667,188.2161878,112,0,32.25,53.7672453,44334.0154,682.0617753,1710.5,3687.237489,9224.0,28.0,645.0,322.5,383.9589822,594.0,51.0,9697.0,3232.333333,5192.692782,9224.0,39.0,0,0,0,0,72,92,292.3121894,389.7495859,0,326,56.875,115.4066568,13318.69643,0,0,1,1,0,0,0,1,1,65.0,108.6666667,32.25,0,0,0,0,0,0,3,326,4,129,8192,219,1,20,0.0,0.0,0.0,0.0,0.0,0.0,0.0,0.0,Bot
8080,6,02/03/2018 10:20:00,484,2,0,0,0,0,0,0.0,0.0,0,0,0.0,0.0,0.0,4132.231405,484.0,0.0,484.0,484.0,484.0,484.0,0.0,484.0,484.0,0.0,0.0,0.0,0.0,0.0,0,0,0,0,40,0,4132.231405,0.0,0,0,0.0,0.0,0.0,0,0,0,0,1,0,0,0,0,0.0,0.0,0.0,0,0,0,0,0,0,2,0,0,0,2052,-1,0,20,0.0,0.0,0.0,0.0,0.0,0.0,0.0,0.0,Bot
8080,6,02/03/2018 10:20:02,10150,3,4,326,129,326,0,108.6666667,188.2161878,112,0,32.25,53.7672453,44827.58621,689.6551724,1691.666667,3753.984425,9349.0,20.0,458.0,229.0,254.5584412,409.0,49.0,9761.0,3253.666667,5280.146336,9349.0,83.0,0,0,0,0,72,92,295.5665025,394.08867,0,326,56.875,115.4066568,13318.69643,0,0,1,1,0,0,0,1,1,65.0,108.6666667,32.25,0,0,0,0,0,0,3,326,4,129,8192,219,1,20,0.0,0.0,0.0,0.0,0.0,0.0,0.0,0.0,Bot
8080,6,02/03/2018 10:20:02,452,2,0,0,0,0,0,0.0,0.0,0,0,0.0,0.0,0.0,4424.778761,452.0,0.0,452.0,452.0,452.0,452.0,0.0,452.0,452.0,0.0,0.0,0.0,0.0,0.0,0,0,0,0,40,0,4424.778761,0.0,0,0,0.0,0.0,0.0,0,0,0,0,1,0,0,0,0,0.0,0.0,0.0,0,0,0,0,0,0,2,0,0,0,2052,-1,0,20,0.0,0.0,0.0,0.0,0.0,0.0,0.0,0.0,Bot
8080,6,02/03/2018 10:20:04,11006,3,4,326,129,326,0,108.6666667,188.2161878,112,0,32.25,53.7672453,41341.08668,636.0167182,1834.333333,3968.981313,9921.0,1.0,642.0,321.0,384.666089,593.0,49.0,10433.0,3477.666667,5585.913832,9921.0,1.0,0,0,0,0,72,92,272.5785935,363.4381247,0,326,56.875,115.4066568,13318.69643,0,0,1,1,0,0,0,1,1,65.0,108.6666667,32.25,0,0,0,0,0,0,3,326,4,129,8192,219,1,20,0.0,0.0,0.0,0.0,0.0,0.0,0.0,0.0,Bot
8080,6,02/03/2018 10:20:04,490,2,0,0,0,0,0,0.0,0.0,0,0,0.0,0.0,0.0,4081.632653,490.0,0.0,490.0,490.0,490.0,490.0,0.0,490.0,490.0,0.0,0.0,0.0,0.0,0.0,0,0,0,0,40,0,4081.632653,0.0,0,0,0.0,0.0,0.0,0,0,0,0,1,0,0,0,0,0.0,0.0,0.0,0,0,0,0,0,0,2,0,0,0,2052,-1,0,20,0.0,0.0,0.0,0.0,0.0,0.0,0.0,0.0,Bot
8080,6,02/03/2018 10:20:06,10714,3,4,326,129,326,0,108.6666667,188.2161878,112,0,32.25,53.7672453,42467.79914,653.350756,1785.666667,3930.431512,9799.0,19.0,579.0,289.5,338.7041482,529.0,50.0,10204.0,3401.333333,5542.953755,9799.0,39.0,0,0,0,0,72,92,280.0074669,373.3432892,0,326,56.875,115.4066568,13318.69643,0,0,1,1,0,0,0,1,1,65.0,108.6666667,32.25,0,0,0,0,0,0,3,326,4,129,8192,219,1,20,0.0,0.0,0.0,0.0,0.0,0.0,0.0,0.0,Bot
8080,6,02/03/2018 10:20:06,469,2,0,0,0,0,0,0.0,0.0,0,0,0.0,0.0,0.0,4264.392324,469.0,0.0,469.0,469.0,469.0,469.0,0.0,469.0,469.0,0.0,0.0,0.0,0.0,0.0,0,0,0,0,40,0,4264.392324,0.0,0,0,0.0,0.0,0.0,0,0,0,0,1,0,0,0,0,0.0,0.0,0.0,0,0,0,0,0,0,2,0,0,0,2052,-1,0,20,0.0,0.0,0.0,0.0,0.0,0.0,0.0,0.0,Bot
8080,6,02/03/2018 10:20:08,10581,3,4,326,129,326,0,108.6666667,188.2161878,112,0,32.25,53.7672453,43001.60665,661.5631793,1763.5,3915.337061,9748.0,14.0,512.0,256.0,295.5706345,465.0,47.0,10130.0,3376.666667,5519.747941,9748.0,42.0,0,0,0,0,72,92,283.5270768,378.0361024,0,326,56.875,115.4066568,13318.69643,0,0,1,1,0,0,0,1,1,65.0,108.6666667,32.25,0,0,0,0,0,0,3,326,4,129,8192,219,1,20,0.0,0.0,0.0,0.0,0.0,0.0,0.0,0.0,Bot
8080,6,02/03/2018 10:20:08,450,2,0,0,0,0,0,0.0,0.0,0,0,0.0,0.0,0.0,4444.444444,450.0,0.0,450.0,450.0,450.0,450.0,0.0,450.0,450.0,0.0,0.0,0.0,0.0,0.0,0,0,0,0,40,0,4444.444444,0.0,0,0,0.0,0.0,0.0,0,0,0,0,1,0,0,0,0,0.0,0.0,0.0,0,0,0,0,0,0,2,0,0,0,256,-1,0,20,0.0,0.0,0.0,0.0,0.0,0.0,0.0,0.0,Bot
8080,6,02/03/2018 10:20:10,10085,3,4,326,129,326,0,108.6666667,188.2161878,112,0,32.25,53.7672453,45116.50967,694.1001487,1680.833333,3688.939328,9201.0,21.0,598.0,299.0,335.1686143,536.0,62.0,9570.0,3190.0,5207.853781,9201.0,34.0,0,0,0,0,72,92,297.4714923,396.6286564,0,326,56.875,115.4066568,13318.69643,0,0,1,1,0,0,0,1,1,65.0,108.6666667,32.25,0,0,0,0,0,0,3,326,4,129,8192,219,1,20,0.0,0.0,0.0,0.0,0.0,0.0,0.0,0.0,Bot
8080,6,02/03/2018 10:20:10,1298,2,0,0,0,0,0,0.0,0.0,0,0,0.0,0.0,0.0,1540.832049,1298.0,0.0,1298.0,1298.0,1298.0,1298.0,0.0,1298.0,1298.0,0.0,0.0,0.0,0.0,0.0,0,0,0,0,40,0,1540.832049,0.0,0,0,0.0,0.0,0.0,0,0,0,0,1,0,0,0,0,0.0,0.0,0.0,0,0,0,0,0,0,2,0,0,0,2052,-1,0,20,0.0,0.0,0.0,0.0,0.0,0.0,0.0,0.0,Bot
8080,6,02/03/2018 10:20:12,10407,3,4,326,129,326,0,108.6666667,188.2161878,112,0,32.25,53.7672453,43720.57269,672.6241953,1734.5,3805.245156,9494.0,21.0,547.0,273.5,311.8340905,494.0,53.0,9934.0,3311.333333,5356.12447,9494.0,82.0,0,0,0,0,72,92,288.2675123,384.356683,0,326,56.875,115.4066568,13318.69643,0,0,1,1,0,0,0,1,1,65.0,108.6666667,32.25,0,0,0,0,0,0,3,326,4,129,8192,219,1,20,0.0,0.0,0.0,0.0,0.0,0.0,0.0,0.0,Bot
8080,6,02/03/2018 10:20:12,497,2,0,0,0,0,0,0.0,0.0,0,0,0.0,0.0,0.0,4024.144869,497.0,0.0,497.0,497.0,497.0,497.0,0.0,497.0,497.0,0.0,0.0,0.0,0.0,0.0,0,0,0,0,40,0,4024.144869,0.0,0,0,0.0,0.0,0.0,0,0,0,0,1,0,0,0,0,0.0,0.0,0.0,0,0,0,0,0,0,2,0,0,0,2052,-1,0,20,0.0,0.0,0.0,0.0,0.0,0.0,0.0,0.0,Bot
8080,6,02/03/2018 10:20:14,10466,3,4,326,129,326,0,108.6666667,188.2161878,112,0,32.25,53.7672453,43474.10663,668.8324097,1744.333333,3805.217401,9502.0,22.0,574.0,287.0,333.7544007,523.0,51.0,9965.0,3321.666667,5355.07258,9502.0,60.0,0,0,0,0,72,92,286.6424613,382.1899484,0,326,56.875,115.4066568,13318.69643,0,0,1,1,0,0,0,1,1,65.0,108.6666667,32.25,0,0,0,0,0,0,3,326,4,129,8192,219,1,20,0.0,0.0,0.0,0.0,0.0,0.0,0.0,0.0,Bot
8080,6,02/03/2018 10:20:14,439,2,0,0,0,0,0,0.0,0.0,0,0,0.0,0.0,0.0,4555.808656,439.0,0.0,439.0,439.0,439.0,439.0,0.0,439.0,439.0,0.0,0.0,0.0,0.0,0.0,0,0,0,0,40,0,4555.808656,0.0,0,0,0.0,0.0,0.0,0,0,0,0,1,0,0,0,0,0.0,0.0,0.0,0,0,0,0,0,0,2,0,0,0,2052,-1,0,20,0.0,0.0,0.0,0.0,0.0,0.0,0.0,0.0,Bot
8080,6,02/03/2018 10:20:16,10481,3,4,326,129,326,0,108.6666667,188.2161878,112,0,32.25,53.7672453,43411.88818,667.8752027,1746.833333,3822.970542,9541.0,20.0,578.0,289.0,337.9970414,528.0,50.0,9973.0,3324.333333,5385.908404,9541.0,65.0,0,0,0,0,72,92,286.2322297,381.642973,0,326,56.875,115.4066568,13318.69643,0,0,1,1,0,0,0,1,1,65.0,108.6666667,32.25,0,0,0,0,0,0,3,326,4,129,8192,219,1,20,0.0,0.0,0.0,0.0,0.0,0.0,0.0,0.0,Bot
8080,6,02/03/2018 10:20:16,451,2,0,0,0,0,0,0.0,0.0,0,0,0.0,0.0,0.0,4434.5898,451.0,0.0,451.0,451.0,451.0,451.0,0.0,451.0,451.0,0.0,0.0,0.0,0.0,0.0,0,0,0,0,40,0,4434.5898,0.0,0,0,0.0,0.0,0.0,0,0,0,0,1,0,0,0,0,0.0,0.0,0.0,0,0,0,0,0,0,2,0,0,0,2052,-1,0,20,0.0,0.0,0.0,0.0,0.0,0.0,0.0,0.0,Bot
8080,6,02/03/2018 10:20:18,10147,3,4,326,129,326,0,108.6666667,188.2161878,112,0,32.25,53.7672453,44840.83966,689.8590716,1691.166667,3756.852801,9353.0,22.0,501.0,250.5,283.5498193,451.0,50.0,9718.0,3239.333333,5296.428073,9353.0,43.0,0,0,0,0,72,92,295.6538878,394.2051838,0,326,56.875,115.4066568,13318.69643,0,0,1,1,0,0,0,1,1,65.0,108.6666667,32.25,0,0,0,0,0,0,3,326,4,129,8192,219,1,20,0.0,0.0,0.0,0.0,0.0,0.0,0.0,0.0,Bot
8080,6,02/03/2018 10:20:18,461,2,0,0,0,0,0,0.0,0.0,0,0,0.0,0.0,0.0,4338.394794,461.0,0.0,461.0,461.0,461.0,461.0,0.0,461.0,461.0,0.0,0.0,0.0,0.0,0.0,0,0,0,0,40,0,4338.394794,0.0,0,0,0.0,0.0,0.0,0,0,0,0,1,0,0,0,0,0.0,0.0,0.0,0,0,0,0,0,0,2,0,0,0,2052,-1,0,20,0.0,0.0,0.0,0.0,0.0,0.0,0.0,0.0,Bot
8080,6,02/03/2018 10:20:20,10721,3,4,326,129,326,0,108.6666667,188.2161878,112,0,32.25,53.7672453,42440.07089,652.9241675,1786.833333,3894.772672,9726.0,21.0,598.0,299.0,352.139177,548.0,50.0,10194.0,3398.0,5483.536177,9726.0,43.0,0,0,0,0,72,92,279.8246432,373.0995243,0,326,56.875,115.4066568,13318.69643,0,0,1,1,0,0,0,1,1,65.0,108.6666667,32.25,0,0,0,0,0,0,3,326,4,129,8192,219,1,20,0.0,0.0,0.0,0.0,0.0,0.0,0.0,0.0,Bot
8080,6,02/03/2018 10:20:20,475,2,0,0,0,0,0,0.0,0.0,0,0,0.0,0.0,0.0,4210.526316,475.0,0.0,475.0,475.0,475.0,475.0,0.0,475.0,475.0,0.0,0.0,0.0,0.0,0.0,0,0,0,0,40,0,4210.526316,0.0,0,0,0.0,0.0,0.0,0,0,0,0,1,0,0,0,0,0.0,0.0,0.0,0,0,0,0,0,0,2,0,0,0,2052,-1,0,20,0.0,0.0,0.0,0.0,0.0,0.0,0.0,0.0,Bot
8080,6,02/03/2018 10:20:22,11831,3,4,326,129,326,0,108.6666667,188.2161878,112,0,32.25,53.7672453,38458.28755,591.6659623,1971.833333,3921.947548,9889.0,16.0,1592.0,796.0,1057.831745,1544.0,48.0,10303.0,3434.333333,5592.932803,9889.0,23.0,0,0,0,0,72,92,253.5711267,338.0948356,0,326,56.875,115.4066568,13318.69643,0,0,1,1,0,0,0,1,1,65.0,108.6666667,32.25,0,0,0,0,0,0,3,326,4,129,8192,219,1,20,0.0,0.0,0.0,0.0,0.0,0.0,0.0,0.0,Bot
8080,6,02/03/2018 10:20:22,462,2,0,0,0,0,0,0.0,0.0,0,0,0.0,0.0,0.0,4329.004329,462.0,0.0,462.0,462.0,462.0,462.0,0.0,462.0,462.0,0.0,0.0,0.0,0.0,0.0,0,0,0,0,40,0,4329.004329,0.0,0,0,0.0,0.0,0.0,0,0,0,0,1,0,0,0,0,0.0,0.0,0.0,0,0,0,0,0,0,2,0,0,0,256,-1,0,20,0.0,0.0,0.0,0.0,0.0,0.0,0.0,0.0,Bot
8080,6,02/03/2018 10:20:24,10391,3,4,326,129,326,0,108.6666667,188.2161878,112,0,32.25,53.7672453,43787.89337,673.659898,1731.833333,3822.32005,9525.0,0.0,552.0,276.0,296.9848481,486.0,66.0,9925.0,3308.333333,5387.504834,9525.0,0.0,0,0,0,0,72,92,288.7113849,384.9485131,0,326,56.875,115.4066568,13318.69643,0,0,1,1,0,0,0,1,1,65.0,108.6666667,32.25,0,0,0,0,0,0,3,326,4,129,8192,219,1,20,0.0,0.0,0.0,0.0,0.0,0.0,0.0,0.0,Bot
8080,6,02/03/2018 10:20:24,508,2,0,0,0,0,0,0.0,0.0,0,0,0.0,0.0,0.0,3937.007874,508.0,0.0,508.0,508.0,508.0,508.0,0.0,508.0,508.0,0.0,0.0,0.0,0.0,0.0,0,0,0,0,40,0,3937.007874,0.0,0,0,0.0,0.0,0.0,0,0,0,0,1,0,0,0,0,0.0,0.0,0.0,0,0,0,0,0,0,2,0,0,0,2052,-1,0,20,0.0,0.0,0.0,0.0,0.0,0.0,0.0,0.0,Bot
8080,6,02/03/2018 10:20:26,10316,3,4,326,129,326,0,108.6666667,188.2161878,112,0,32.25,53.7672453,44106.24273,678.5575805,1719.333333,3710.217873,9282.0,20.0,620.0,310.0,366.2813127,569.0,51.0,9767.0,3255.666667,5220.690599,9282.0,108.0,0,0,0,0,72,92,290.8103916,387.7471888,0,326,56.875,115.4066568,13318.69643,0,0,1,1,0,0,0,1,1,65.0,108.6666667,32.25,0,0,0,0,0,0,3,326,4,129,8192,219,1,20,0.0,0.0,0.0,0.0,0.0,0.0,0.0,0.0,Bot
8080,6,02/03/2018 10:20:26,441,2,0,0,0,0,0,0.0,0.0,0,0,0.0,0.0,0.0,4535.147392,441.0,0.0,441.0,441.0,441.0,441.0,0.0,441.0,441.0,0.0,0.0,0.0,0.0,0.0,0,0,0,0,40,0,4535.147392,0.0,0,0,0.0,0.0,0.0,0,0,0,0,1,0,0,0,0,0.0,0.0,0.0,0,0,0,0,0,0,2,0,0,0,2052,-1,0,20,0.0,0.0,0.0,0.0,0.0,0.0,0.0,0.0,Bot
8080,6,02/03/2018 10:20:28,10347,3,4,326,129,326,0,108.6666667,188.2161878,112,0,32.25,53.7672453,43974.09877,676.5245965,1724.5,3771.244503,9414.0,21.0,536.0,268.0,305.4701295,484.0,52.0,9884.0,3294.666667,5302.192125,9414.0,66.0,0,0,0,0,72,92,289.9391128,386.5854837,0,326,56.875,115.4066568,13318.69643,0,0,1,1,0,0,0,1,1,65.0,108.6666667,32.25,0,0,0,0,0,0,3,326,4,129,8192,219,1,20,0.0,0.0,0.0,0.0,0.0,0.0,0.0,0.0,Bot
8080,6,02/03/2018 10:20:28,459,2,0,0,0,0,0,0.0,0.0,0,0,0.0,0.0,0.0,4357.298475,459.0,0.0,459.0,459.0,459.0,459.0,0.0,459.0,459.0,0.0,0.0,0.0,0.0,0.0,0,0,0,0,40,0,4357.298475,0.0,0,0,0.0,0.0,0.0,0,0,0,0,1,0,0,0,0,0.0,0.0,0.0,0,0,0,0,0,0,2,0,0,0,2052,-1,0,20,0.0,0.0,0.0,0.0,0.0,0.0,0.0,0.0,Bot
8080,6,02/03/2018 10:20:30,12172,3,4,326,129,326,0,108.6666667,188.2161878,112,0,32.25,53.7672453,37380.87414,575.0903713,2028.666667,4521.74142,11250.0,22.0,605.0,302.5,347.1894296,548.0,57.0,11646.0,3882.0,6382.95676,11250.0,35.0,0,0,0,0,72,92,246.467302,328.6230693,0,326,56.875,115.4066568,13318.69643,0,0,1,1,0,0,0,1,1,65.0,108.6666667,32.25,0,0,0,0,0,0,3,326,4,129,8192,219,1,20,0.0,0.0,0.0,0.0,0.0,0.0,0.0,0.0,Bot
8080,6,02/03/2018 10:20:30,484,2,0,0,0,0,0,0.0,0.0,0,0,0.0,0.0,0.0,4132.231405,484.0,0.0,484.0,484.0,484.0,484.0,0.0,484.0,484.0,0.0,0.0,0.0,0.0,0.0,0,0,0,0,40,0,4132.231405,0.0,0,0,0.0,0.0,0.0,0,0,0,0,1,0,0,0,0,0.0,0.0,0.0,0,0,0,0,0,0,2,0,0,0,2052,-1,0,20,0.0,0.0,0.0,0.0,0.0,0.0,0.0,0.0,Bot
8080,6,02/03/2018 10:20:32,10249,3,4,326,129,326,0,108.6666667,188.2161878,112,0,32.25,53.7672453,44394.57508,682.9934628,1708.166667,3796.619887,9451.0,20.0,502.0,251.0,282.8427125,451.0,51.0,9818.0,3272.666667,5352.598839,9451.0,37.0,0,0,0,0,72,92,292.711484,390.2819787,0,326,56.875,115.4066568,13318.69643,0,0,1,1,0,0,0,1,1,65.0,108.6666667,32.25,0,0,0,0,0,0,3,326,4,129,8192,219,1,20,0.0,0.0,0.0,0.0,0.0,0.0,0.0,0.0,Bot
8080,6,02/03/2018 10:20:32,469,2,0,0,0,0,0,0.0,0.0,0,0,0.0,0.0,0.0,4264.392324,469.0,0.0,469.0,469.0,469.0,469.0,0.0,469.0,469.0,0.0,0.0,0.0,0.0,0.0,0,0,0,0,40,0,4264.392324,0.0,0,0,0.0,0.0,0.0,0,0,0,0,1,0,0,0,0,0.0,0.0,0.0,0,0,0,0,0,0,2,0,0,0,2052,-1,0,20,0.0,0.0,0.0,0.0,0.0,0.0,0.0,0.0,Bot
8080,6,02/03/2018 10:20:34,13282,3,4,326,129,326,0,108.6666667,188.2161878,112,0,32.25,53.7672453,34256.88902,527.0290619,2213.666667,4983.239174,12379.0,21.0,546.0,273.0,309.7127702,492.0,54.0,12811.0,4270.333333,7024.441994,12379.0,43.0,0,0,0,0,72,92,225.869598,301.1594639,0,326,56.875,115.4066568,13318.69643,0,0,1,1,0,0,0,1,1,65.0,108.6666667,32.25,0,0,0,0,0,0,3,326,4,129,8192,219,1,20,0.0,0.0,0.0,0.0,0.0,0.0,0.0,0.0,Bot
8080,6,02/03/2018 10:20:34,478,2,0,0,0,0,0,0.0,0.0,0,0,0.0,0.0,0.0,4184.100418,478.0,0.0,478.0,478.0,478.0,478.0,0.0,478.0,478.0,0.0,0.0,0.0,0.0,0.0,0,0,0,0,40,0,4184.100418,0.0,0,0,0.0,0.0,0.0,0,0,0,0,1,0,0,0,0,0.0,0.0,0.0,0,0,0,0,0,0,2,0,0,0,2052,-1,0,20,0.0,0.0,0.0,0.0,0.0,0.0,0.0,0.0,Bot
8080,6,02/03/2018 10:20:37,10898,3,4,326,129,326,0,108.6666667,188.2161878,112,0,32.25,53.7672453,41750.77996,642.3196917,1816.333333,3952.776425,9873.0,21.0,620.0,310.0,364.8670991,568.0,52.0,10351.0,3450.333333,5565.932207,9873.0,35.0,0,0,0,0,72,92,275.2798679,367.0398238,0,326,56.875,115.4066568,13318.69643,0,0,1,1,0,0,0,1,1,65.0,108.6666667,32.25,0,0,0,0,0,0,3,326,4,129,8192,219,1,20,0.0,0.0,0.0,0.0,0.0,0.0,0.0,0.0,Bot
8080,6,02/03/2018 10:20:37,468,2,0,0,0,0,0,0.0,0.0,0,0,0.0,0.0,0.0,4273.504274,468.0,0.0,468.0,468.0,468.0,468.0,0.0,468.0,468.0,0.0,0.0,0.0,0.0,0.0,0,0,0,0,40,0,4273.504274,0.0,0,0,0.0,0.0,0.0,0,0,0,0,1,0,0,0,0,0.0,0.0,0.0,0,0,0,0,0,0,2,0,0,0,2052,-1,0,20,0.0,0.0,0.0,0.0,0.0,0.0,0.0,0.0,Bot
8080,6,02/03/2018 10:20:39,10400,3,4,326,129,326,0,108.6666667,188.2161878,112,0,32.25,53.7672453,43750.0,673.0769231,1733.333333,3818.75402,9519.0,1.0,487.0,243.5,272.2361108,436.0,51.0,9985.0,3328.333333,5366.291954,9519.0,1.0,0,0,0,0,72,92,288.4615385,384.6153846,0,326,56.875,115.4066568,13318.69643,0,0,1,1,0,0,0,1,1,65.0,108.6666667,32.25,0,0,0,0,0,0,3,326,4,129,8192,219,1,20,0.0,0.0,0.0,0.0,0.0,0.0,0.0,0.0,Bot
8080,6,02/03/2018 10:20:39,474,2,0,0,0,0,0,0.0,0.0,0,0,0.0,0.0,0.0,4219.409283,474.0,0.0,474.0,474.0,474.0,474.0,0.0,474.0,474.0,0.0,0.0,0.0,0.0,0.0,0,0,0,0,40,0,4219.409283,0.0,0,0,0.0,0.0,0.0,0,0,0,0,1,0,0,0,0,0.0,0.0,0.0,0,0,0,0,0,0,2,0,0,0,2052,-1,0,20,0.0,0.0,0.0,0.0,0.0,0.0,0.0,0.0,Bot
8080,6,02/03/2018 10:20:41,10682,3,4,326,129,326,0,108.6666667,188.2161878,112,0,32.25,53.7672453,42595.01966,655.3079948,1780.333333,3856.161546,9640.0,22.0,653.0,326.5,389.6158364,602.0,51.0,10102.0,3367.333333,5434.170529,9640.0,88.0,0,0,0,0,72,92,280.8462835,374.4617113,0,326,56.875,115.4066568,13318.69643,0,0,1,1,0,0,0,1,1,65.0,108.6666667,32.25,0,0,0,0,0,0,3,326,4,129,8192,219,1,20,0.0,0.0,0.0,0.0,0.0,0.0,0.0,0.0,Bot
8080,6,02/03/2018 10:20:41,431,2,0,0,0,0,0,0.0,0.0,0,0,0.0,0.0,0.0,4640.37123,431.0,0.0,431.0,431.0,431.0,431.0,0.0,431.0,431.0,0.0,0.0,0.0,0.0,0.0,0,0,0,0,40,0,4640.37123,0.0,0,0,0.0,0.0,0.0,0,0,0,0,1,0,0,0,0,0.0,0.0,0.0,0,0,0,0,0,0,2,0,0,0,2052,-1,0,20,0.0,0.0,0.0,0.0,0.0,0.0,0.0,0.0,Bot
8080,6,02/03/2018 10:20:43,10832,3,4,326,129,326,0,108.6666667,188.2161878,112,0,32.25,53.7672453,42005.16987,646.2333826,1805.333333,3936.554974,9831.0,19.0,571.0,285.5,323.147799,514.0,57.0,10337.0,3445.666667,5533.22784,9831.0,60.0,0,0,0,0,72,92,276.957164,369.2762186,0,326,56.875,115.4066568,13318.69643,0,0,1,1,0,0,0,1,1,65.0,108.6666667,32.25,0,0,0,0,0,0,3,326,4,129,8192,219,1,20,0.0,0.0,0.0,0.0,0.0,0.0,0.0,0.0,Bot
8080,6,02/03/2018 10:20:43,464,2,0,0,0,0,0,0.0,0.0,0,0,0.0,0.0,0.0,4310.344828,464.0,0.0,464.0,464.0,464.0,464.0,0.0,464.0,464.0,0.0,0.0,0.0,0.0,0.0,0,0,0,0,40,0,4310.344828,0.0,0,0,0.0,0.0,0.0,0,0,0,0,1,0,0,0,0,0.0,0.0,0.0,0,0,0,0,0,0,2,0,0,0,2052,-1,0,20,0.0,0.0,0.0,0.0,0.0,0.0,0.0,0.0,Bot
8080,6,02/03/2018 10:20:45,10896,3,4,326,129,326,0,108.6666667,188.2161878,112,0,32.25,53.7672453,41758.44347,642.4375918,1816.0,3967.527593,9902.0,1.0,624.0,312.0,369.1097398,573.0,51.0,10344.0,3448.0,5593.65596,9902.0,1.0,0,0,0,0,72,92,275.3303965,367.1071953,0,326,56.875,115.4066568,13318.69643,0,0,1,1,0,0,0,1,1,65.0,108.6666667,32.25,0,0,0,0,0,0,3,326,4,129,8192,219,1,20,0.0,0.0,0.0,0.0,0.0,0.0,0.0,0.0,Bot
8080,6,02/03/2018 10:20:45,648,2,0,0,0,0,0,0.0,0.0,0,0,0.0,0.0,0.0,3086.419753,648.0,0.0,648.0,648.0,648.0,648.0,0.0,648.0,648.0,0.0,0.0,0.0,0.0,0.0,0,0,0,0,40,0,3086.419753,0.0,0,0,0.0,0.0,0.0,0,0,0,0,1,0,0,0,0,0.0,0.0,0.0,0,0,0,0,0,0,2,0,0,0,2052,-1,0,20,0.0,0.0,0.0,0.0,0.0,0.0,0.0,0.0,Bot
8080,6,02/03/2018 10:20:47,10726,3,4,326,129,326,0,108.6666667,188.2161878,112,0,32.25,53.7672453,42420.28715,652.6198023,1787.666667,3996.972237,9939.0,1.0,485.0,242.5,272.2361108,435.0,50.0,10306.0,3435.333333,5635.296473,9939.0,1.0,0,0,0,0,72,92,279.694201,372.9256013,0,326,56.875,115.4066568,13318.69643,0,0,1,1,0,0,0,1,1,65.0,108.6666667,32.25,0,0,0,0,0,0,3,326,4,129,8192,219,1,20,0.0,0.0,0.0,0.0,0.0,0.0,0.0,0.0,Bot
8080,6,02/03/2018 10:20:47,484,2,0,0,0,0,0,0.0,0.0,0,0,0.0,0.0,0.0,4132.231405,484.0,0.0,484.0,484.0,484.0,484.0,0.0,484.0,484.0,0.0,0.0,0.0,0.0,0.0,0,0,0,0,40,0,4132.231405,0.0,0,0,0.0,0.0,0.0,0,0,0,0,1,0,0,0,0,0.0,0.0,0.0,0,0,0,0,0,0,2,0,0,0,256,-1,0,20,0.0,0.0,0.0,0.0,0.0,0.0,0.0,0.0,Bot
8080,6,02/03/2018 10:20:49,11058,3,4,326,129,326,0,108.6666667,188.2161878,112,0,32.25,53.7672453,41146.68114,633.0258636,1843.0,3977.78838,9949.0,22.0,637.0,318.5,388.2016229,593.0,44.0,10487.0,3495.666667,5593.158082,9949.0,47.0,0,0,0,0,72,92,271.2967987,361.7290649,0,326,56.875,115.4066568,13318.69643,0,0,1,1,0,0,0,1,1,65.0,108.6666667,32.25,0,0,0,0,0,0,3,326,4,129,8192,219,1,20,0.0,0.0,0.0,0.0,0.0,0.0,0.0,0.0,Bot
8080,6,02/03/2018 10:20:49,475,2,0,0,0,0,0,0.0,0.0,0,0,0.0,0.0,0.0,4210.526316,475.0,0.0,475.0,475.0,475.0,475.0,0.0,475.0,475.0,0.0,0.0,0.0,0.0,0.0,0,0,0,0,40,0,4210.526316,0.0,0,0,0.0,0.0,0.0,0,0,0,0,1,0,0,0,0,0.0,0.0,0.0,0,0,0,0,0,0,2,0,0,0,2052,-1,0,20,0.0,0.0,0.0,0.0,0.0,0.0,0.0,0.0,Bot
8080,6,02/03/2018 10:20:51,10940,3,4,326,129,326,0,108.6666667,188.2161878,112,0,32.25,53.7672453,41590.4936,639.8537477,1823.333333,4060.355288,10104.0,21.0,536.0,268.0,306.884343,485.0,51.0,10476.0,3492.0,5728.098201,10104.0,37.0,0,0,0,0,72,92,274.2230347,365.630713,0,326,56.875,115.4066568,13318.69643,0,0,1,1,0,0,0,1,1,65.0,108.6666667,32.25,0,0,0,0,0,0,3,326,4,129,8192,219,1,20,0.0,0.0,0.0,0.0,0.0,0.0,0.0,0.0,Bot
8080,6,02/03/2018 10:20:51,468,2,0,0,0,0,0,0.0,0.0,0,0,0.0,0.0,0.0,4273.504274,468.0,0.0,468.0,468.0,468.0,468.0,0.0,468.0,468.0,0.0,0.0,0.0,0.0,0.0,0,0,0,0,40,0,4273.504274,0.0,0,0,0.0,0.0,0.0,0,0,0,0,1,0,0,0,0,0.0,0.0,0.0,0,0,0,0,0,0,2,0,0,0,2052,-1,0,20,0.0,0.0,0.0,0.0,0.0,0.0,0.0,0.0,Bot
8080,6,02/03/2018 10:20:53,10179,3,4,326,129,326,0,108.6666667,188.2161878,112,0,32.25,53.7672453,44699.87229,687.6903429,1696.5,3759.003418,9363.0,20.0,458.0,229.0,253.1442277,408.0,50.0,9791.0,3263.666667,5284.880446,9363.0,45.0,0,0,0,0,72,92,294.7244327,392.9659102,0,326,56.875,115.4066568,13318.69643,0,0,1,1,0,0,0,1,1,65.0,108.6666667,32.25,0,0,0,0,0,0,3,326,4,129,8192,219,1,20,0.0,0.0,0.0,0.0,0.0,0.0,0.0,0.0,Bot
8080,6,02/03/2018 10:20:53,462,2,0,0,0,0,0,0.0,0.0,0,0,0.0,0.0,0.0,4329.004329,462.0,0.0,462.0,462.0,462.0,462.0,0.0,462.0,462.0,0.0,0.0,0.0,0.0,0.0,0,0,0,0,40,0,4329.004329,0.0,0,0,0.0,0.0,0.0,0,0,0,0,1,0,0,0,0,0.0,0.0,0.0,0,0,0,0,0,0,2,0,0,0,2052,-1,0,20,0.0,0.0,0.0,0.0,0.0,0.0,0.0,0.0,Bot
8080,6,02/03/2018 10:20:55,14825,3,4,326,129,326,0,108.6666667,188.2161878,112,0,32.25,53.7672453,30691.39966,472.1753794,2470.833333,5651.310518,14001.0,1.0,490.0,245.0,274.3574311,439.0,51.0,14407.0,4802.333333,7968.839648,14001.0,1.0,0,0,0,0,72,92,202.3608769,269.8145025,0,326,56.875,115.4066568,13318.69643,0,0,1,1,0,0,0,1,1,65.0,108.6666667,32.25,0,0,0,0,0,0,3,326,4,129,8192,219,1,20,0.0,0.0,0.0,0.0,0.0,0.0,0.0,0.0,Bot
8080,6,02/03/2018 10:20:55,505,2,0,0,0,0,0,0.0,0.0,0,0,0.0,0.0,0.0,3960.39604,505.0,0.0,505.0,505.0,505.0,505.0,0.0,505.0,505.0,0.0,0.0,0.0,0.0,0.0,0,0,0,0,40,0,3960.39604,0.0,0,0,0.0,0.0,0.0,0,0,0,0,1,0,0,0,0,0.0,0.0,0.0,0,0,0,0,0,0,2,0,0,0,2052,-1,0,20,0.0,0.0,0.0,0.0,0.0,0.0,0.0,0.0,Bot
8080,6,02/03/2018 10:20:57,11382,3,4,326,129,326,0,108.6666667,188.2161878,112,0,32.25,53.7672453,39975.39975,615.0061501,1897.0,4251.529654,10568.0,1.0,503.0,251.5,283.5498193,452.0,51.0,10949.0,3649.666667,5994.448459,10568.0,1.0,0,0,0,0,72,92,263.5740643,351.4320857,0,326,56.875,115.4066568,13318.69643,0,0,1,1,0,0,0,1,1,65.0,108.6666667,32.25,0,0,0,0,0,0,3,326,4,129,8192,219,1,20,0.0,0.0,0.0,0.0,0.0,0.0,0.0,0.0,Bot
8080,6,02/03/2018 10:20:57,480,2,0,0,0,0,0,0.0,0.0,0,0,0.0,0.0,0.0,4166.666667,480.0,0.0,480.0,480.0,480.0,480.0,0.0,480.0,480.0,0.0,0.0,0.0,0.0,0.0,0,0,0,0,40,0,4166.666667,0.0,0,0,0.0,0.0,0.0,0,0,0,0,1,0,0,0,0,0.0,0.0,0.0,0,0,0,0,0,0,2,0,0,0,2052,-1,0,20,0.0,0.0,0.0,0.0,0.0,0.0,0.0,0.0,Bot
8080,6,02/03/2018 10:20:59,10321,3,4,326,129,326,0,108.6666667,188.2161878,112,0,32.25,53.7672453,44084.8755,678.2288538,1720.166667,3786.154324,9442.0,21.0,502.0,251.0,280.0142853,449.0,53.0,9893.0,3297.666667,5322.899241,9442.0,89.0,0,0,0,0,72,92,290.6695088,387.559345,0,326,56.875,115.4066568,13318.69643,0,0,1,1,0,0,0,1,1,65.0,108.6666667,32.25,0,0,0,0,0,0,3,326,4,129,8192,219,1,20,0.0,0.0,0.0,0.0,0.0,0.0,0.0,0.0,Bot
8080,6,02/03/2018 10:20:59,458,2,0,0,0,0,0,0.0,0.0,0,0,0.0,0.0,0.0,4366.812227,458.0,0.0,458.0,458.0,458.0,458.0,0.0,458.0,458.0,0.0,0.0,0.0,0.0,0.0,0,0,0,0,40,0,4366.812227,0.0,0,0,0.0,0.0,0.0,0,0,0,0,1,0,0,0,0,0.0,0.0,0.0,0,0,0,0,0,0,2,0,0,0,2052,-1,0,20,0.0,0.0,0.0,0.0,0.0,0.0,0.0,0.0,Bot
8080,6,02/03/2018 10:21:01,10355,3,4,326,129,326,0,108.6666667,188.2161878,112,0,32.25,53.7672453,43940.12554,676.0019314,1725.833333,3765.010035,9400.0,21.0,620.0,310.0,364.8670991,568.0,52.0,9808.0,3269.333333,5311.633867,9400.0,47.0,0,0,0,0,72,92,289.7151135,386.286818,0,326,56.875,115.4066568,13318.69643,0,0,1,1,0,0,0,1,1,65.0,108.6666667,32.25,0,0,0,0,0,0,3,326,4,129,8192,219,1,20,0.0,0.0,0.0,0.0,0.0,0.0,0.0,0.0,Bot
8080,6,02/03/2018 10:21:01,457,2,0,0,0,0,0,0.0,0.0,0,0,0.0,0.0,0.0,4376.367615,457.0,0.0,457.0,457.0,457.0,457.0,0.0,457.0,457.0,0.0,0.0,0.0,0.0,0.0,0,0,0,0,40,0,4376.367615,0.0,0,0,0.0,0.0,0.0,0,0,0,0,1,0,0,0,0,0.0,0.0,0.0,0,0,0,0,0,0,2,0,0,0,2052,-1,0,20,0.0,0.0,0.0,0.0,0.0,0.0,0.0,0.0,Bot
8080,6,02/03/2018 10:21:03,10624,3,4,326,129,326,0,108.6666667,188.2161878,112,0,32.25,53.7672453,42827.56024,658.8855422,1770.666667,3825.244445,9567.0,21.0,569.0,284.5,327.3904397,516.0,53.0,10129.0,3376.333333,5366.466373,9567.0,45.0,0,0,0,0,72,92,282.3795181,376.5060241,0,326,56.875,115.4066568,13318.69643,0,0,1,1,0,0,0,1,1,65.0,108.6666667,32.25,0,0,0,0,0,0,3,326,4,129,8192,219,1,20,0.0,0.0,0.0,0.0,0.0,0.0,0.0,0.0,Bot
8080,6,02/03/2018 10:21:03,462,2,0,0,0,0,0,0.0,0.0,0,0,0.0,0.0,0.0,4329.004329,462.0,0.0,462.0,462.0,462.0,462.0,0.0,462.0,462.0,0.0,0.0,0.0,0.0,0.0,0,0,0,0,40,0,4329.004329,0.0,0,0,0.0,0.0,0.0,0,0,0,0,1,0,0,0,0,0.0,0.0,0.0,0,0,0,0,0,0,2,0,0,0,2052,-1,0,20,0.0,0.0,0.0,0.0,0.0,0.0,0.0,0.0,Bot
8080,6,02/03/2018 10:21:05,10797,3,4,326,129,326,0,108.6666667,188.2161878,112,0,32.25,53.7672453,42141.33556,648.3282393,1799.5,3938.297741,9827.0,0.0,583.0,291.5,335.8757211,529.0,54.0,10290.0,3430.0,5544.799275,9827.0,0.0,0,0,0,0,72,92,277.8549597,370.4732796,0,326,56.875,115.4066568,13318.69643,0,0,1,1,0,0,0,1,1,65.0,108.6666667,32.25,0,0,0,0,0,0,3,326,4,129,8192,219,1,20,0.0,0.0,0.0,0.0,0.0,0.0,0.0,0.0,Bot
8080,6,02/03/2018 10:21:05,494,2,0,0,0,0,0,0.0,0.0,0,0,0.0,0.0,0.0,4048.582996,494.0,0.0,494.0,494.0,494.0,494.0,0.0,494.0,494.0,0.0,0.0,0.0,0.0,0.0,0,0,0,0,40,0,4048.582996,0.0,0,0,0.0,0.0,0.0,0,0,0,0,1,0,0,0,0,0.0,0.0,0.0,0,0,0,0,0,0,2,0,0,0,2052,-1,0,20,0.0,0.0,0.0,0.0,0.0,0.0,0.0,0.0,Bot
8080,6,02/03/2018 10:21:07,10939,3,4,326,129,326,0,108.6666667,188.2161878,112,0,32.25,53.7672453,41594.29564,639.9122406,1823.166667,4096.211441,10178.0,1.0,475.0,237.5,263.7508294,424.0,51.0,10536.0,3512.0,5775.668879,10178.0,1.0,0,0,0,0,72,92,274.2481031,365.6641375,0,326,56.875,115.4066568,13318.69643,0,0,1,1,0,0,0,1,1,65.0,108.6666667,32.25,0,0,0,0,0,0,3,326,4,129,8192,219,1,20,0.0,0.0,0.0,0.0,0.0,0.0,0.0,0.0,Bot
8080,6,02/03/2018 10:21:07,486,2,0,0,0,0,0,0.0,0.0,0,0,0.0,0.0,0.0,4115.226337,486.0,0.0,486.0,486.0,486.0,486.0,0.0,486.0,486.0,0.0,0.0,0.0,0.0,0.0,0,0,0,0,40,0,4115.226337,0.0,0,0,0.0,0.0,0.0,0,0,0,0,1,0,0,0,0,0.0,0.0,0.0,0,0,0,0,0,0,2,0,0,0,2052,-1,0,20,0.0,0.0,0.0,0.0,0.0,0.0,0.0,0.0,Bot
8080,6,02/03/2018 10:21:09,10534,3,4,326,129,326,0,108.6666667,188.2161878,112,0,32.25,53.7672453,43193.46877,664.5149041,1755.666667,3875.497628,9656.0,1.0,591.0,295.5,344.3610024,539.0,52.0,10016.0,3338.666667,5473.898641,9656.0,1.0,0,0,0,0,72,92,284.7921018,379.7228024,0,326,56.875,115.4066568,13318.69643,0,0,1,1,0,0,0,1,1,65.0,108.6666667,32.25,0,0,0,0,0,0,3,326,4,129,8192,219,1,20,0.0,0.0,0.0,0.0,0.0,0.0,0.0,0.0,Bot
8080,6,02/03/2018 10:21:09,479,2,0,0,0,0,0,0.0,0.0,0,0,0.0,0.0,0.0,4175.365344,479.0,0.0,479.0,479.0,479.0,479.0,0.0,479.0,479.0,0.0,0.0,0.0,0.0,0.0,0,0,0,0,40,0,4175.365344,0.0,0,0,0.0,0.0,0.0,0,0,0,0,1,0,0,0,0,0.0,0.0,0.0,0,0,0,0,0,0,2,0,0,0,2052,-1,0,20,0.0,0.0,0.0,0.0,0.0,0.0,0.0,0.0,Bot
8080,6,02/03/2018 10:21:11,10383,3,4,326,129,326,0,108.6666667,188.2161878,112,0,32.25,53.7672453,43821.63151,674.1789464,1730.5,3830.329111,9540.0,1.0,563.0,281.5,313.2483041,503.0,60.0,9902.0,3300.666667,5406.418439,9540.0,1.0,0,0,0,0,72,92,288.9338342,385.2451122,0,326,56.875,115.4066568,13318.69643,0,0,1,1,0,0,0,1,1,65.0,108.6666667,32.25,0,0,0,0,0,0,3,326,4,129,8192,219,1,20,0.0,0.0,0.0,0.0,0.0,0.0,0.0,0.0,Bot
8080,6,02/03/2018 10:21:11,486,2,0,0,0,0,0,0.0,0.0,0,0,0.0,0.0,0.0,4115.226337,486.0,0.0,486.0,486.0,486.0,486.0,0.0,486.0,486.0,0.0,0.0,0.0,0.0,0.0,0,0,0,0,40,0,4115.226337,0.0,0,0,0.0,0.0,0.0,0,0,0,0,1,0,0,0,0,0.0,0.0,0.0,0,0,0,0,0,0,2,0,0,0,2052,-1,0,20,0.0,0.0,0.0,0.0,0.0,0.0,0.0,0.0,Bot
8080,6,02/03/2018 10:21:13,10702,3,4,326,129,326,0,108.6666667,188.2161878,112,0,32.25,53.7672453,42515.41768,654.0833489,1783.666667,3896.164764,9724.0,0.0,624.0,312.0,367.6955262,572.0,52.0,10150.0,3383.333333,5495.307938,9724.0,0.0,0,0,0,0,72,92,280.3214352,373.7619137,0,326,56.875,115.4066568,13318.69643,0,0,1,1,0,0,0,1,1,65.0,108.6666667,32.25,0,0,0,0,0,0,3,326,4,129,8192,219,1,20,0.0,0.0,0.0,0.0,0.0,0.0,0.0,0.0,Bot
8080,6,02/03/2018 10:21:13,499,2,0,0,0,0,0,0.0,0.0,0,0,0.0,0.0,0.0,4008.016032,499.0,0.0,499.0,499.0,499.0,499.0,0.0,499.0,499.0,0.0,0.0,0.0,0.0,0.0,0,0,0,0,40,0,4008.016032,0.0,0,0,0.0,0.0,0.0,0,0,0,0,1,0,0,0,0,0.0,0.0,0.0,0,0,0,0,0,0,2,0,0,0,2052,-1,0,20,0.0,0.0,0.0,0.0,0.0,0.0,0.0,0.0,Bot
8080,6,02/03/2018 10:21:15,10792,3,4,326,129,326,0,108.6666667,188.2161878,112,0,32.25,53.7672453,42160.8599,648.6286138,1798.666667,3937.67417,9826.0,16.0,572.0,286.0,319.6122651,512.0,60.0,10302.0,3434.0,5540.084115,9826.0,16.0,0,0,0,0,72,92,277.9836916,370.6449222,0,326,56.875,115.4066568,13318.69643,0,0,1,1,0,0,0,1,1,65.0,108.6666667,32.25,0,0,0,0,0,0,3,326,4,129,8192,219,1,20,0.0,0.0,0.0,0.0,0.0,0.0,0.0,0.0,Bot
8080,6,02/03/2018 10:21:15,490,2,0,0,0,0,0,0.0,0.0,0,0,0.0,0.0,0.0,4081.632653,490.0,0.0,490.0,490.0,490.0,490.0,0.0,490.0,490.0,0.0,0.0,0.0,0.0,0.0,0,0,0,0,40,0,4081.632653,0.0,0,0,0.0,0.0,0.0,0,0,0,0,1,0,0,0,0,0.0,0.0,0.0,0,0,0,0,0,0,2,0,0,0,2052,-1,0,20,0.0,0.0,0.0,0.0,0.0,0.0,0.0,0.0,Bot
8080,6,02/03/2018 10:21:17,11472,3,4,326,129,326,0,108.6666667,188.2161878,112,0,32.25,53.7672453,39661.78522,610.181311,1912.0,4133.407263,10336.0,21.0,687.0,343.5,412.2432534,635.0,52.0,10858.0,3619.333333,5819.841264,10336.0,73.0,0,0,0,0,72,92,261.5062762,348.6750349,0,326,56.875,115.4066568,13318.69643,0,0,1,1,0,0,0,1,1,65.0,108.6666667,32.25,0,0,0,0,0,0,3,326,4,129,8192,219,1,20,0.0,0.0,0.0,0.0,0.0,0.0,0.0,0.0,Bot
8080,6,02/03/2018 10:21:17,455,2,0,0,0,0,0,0.0,0.0,0,0,0.0,0.0,0.0,4395.604396,455.0,0.0,455.0,455.0,455.0,455.0,0.0,455.0,455.0,0.0,0.0,0.0,0.0,0.0,0,0,0,0,40,0,4395.604396,0.0,0,0,0.0,0.0,0.0,0,0,0,0,1,0,0,0,0,0.0,0.0,0.0,0,0,0,0,0,0,2,0,0,0,2052,-1,0,20,0.0,0.0,0.0,0.0,0.0,0.0,0.0,0.0,Bot
8080,6,02/03/2018 10:21:19,11302,3,4,326,129,326,0,108.6666667,188.2161878,112,0,32.25,53.7672453,40258.36135,619.3594054,1883.666667,4178.407911,10404.0,21.0,578.0,289.0,337.9970414,528.0,50.0,10795.0,3598.333333,5896.011053,10404.0,37.0,0,0,0,0,72,92,265.4397452,353.9196602,0,326,56.875,115.4066568,13318.69643,0,0,1,1,0,0,0,1,1,65.0,108.6666667,32.25,0,0,0,0,0,0,3,326,4,129,8192,219,1,20,0.0,0.0,0.0,0.0,0.0,0.0,0.0,0.0,Bot
8080,6,02/03/2018 10:21:19,636,2,0,0,0,0,0,0.0,0.0,0,0,0.0,0.0,0.0,3144.654088,636.0,0.0,636.0,636.0,636.0,636.0,0.0,636.0,636.0,0.0,0.0,0.0,0.0,0.0,0,0,0,0,40,0,3144.654088,0.0,0,0,0.0,0.0,0.0,0,0,0,0,1,0,0,0,0,0.0,0.0,0.0,0,0,0,0,0,0,2,0,0,0,2052,-1,0,20,0.0,0.0,0.0,0.0,0.0,0.0,0.0,0.0,Bot
8080,6,02/03/2018 10:21:21,10502,3,4,326,129,326,0,108.6666667,188.2161878,112,0,32.25,53.7672453,43325.08094,666.5397067,1750.333333,3801.324857,9496.0,1.0,619.0,309.5,374.0594872,574.0,45.0,9948.0,3316.0,5356.764415,9496.0,1.0,0,0,0,0,72,92,285.6598743,380.8798324,0,326,56.875,115.4066568,13318.69643,0,0,1,1,0,0,0,1,1,65.0,108.6666667,32.25,0,0,0,0,0,0,3,326,4,129,8192,219,1,20,0.0,0.0,0.0,0.0,0.0,0.0,0.0,0.0,Bot
8080,6,02/03/2018 10:21:21,477,2,0,0,0,0,0,0.0,0.0,0,0,0.0,0.0,0.0,4192.872117,477.0,0.0,477.0,477.0,477.0,477.0,0.0,477.0,477.0,0.0,0.0,0.0,0.0,0.0,0,0,0,0,40,0,4192.872117,0.0,0,0,0.0,0.0,0.0,0,0,0,0,1,0,0,0,0,0.0,0.0,0.0,0,0,0,0,0,0,2,0,0,0,256,-1,0,20,0.0,0.0,0.0,0.0,0.0,0.0,0.0,0.0,Bot
8080,6,02/03/2018 10:21:23,10076,3,4,326,129,326,0,108.6666667,188.2161878,112,0,32.25,53.7672453,45156.80826,694.720127,1679.333333,3718.668453,9263.0,21.0,493.0,246.5,273.6503243,440.0,53.0,9657.0,3219.0,5236.702398,9263.0,37.0,0,0,0,0,72,92,297.7371973,396.9829297,0,326,56.875,115.4066568,13318.69643,0,0,1,1,0,0,0,1,1,65.0,108.6666667,32.25,0,0,0,0,0,0,3,326,4,129,8192,219,1,20,0.0,0.0,0.0,0.0,0.0,0.0,0.0,0.0,Bot
8080,6,02/03/2018 10:21:23,473,2,0,0,0,0,0,0.0,0.0,0,0,0.0,0.0,0.0,4228.32981,473.0,0.0,473.0,473.0,473.0,473.0,0.0,473.0,473.0,0.0,0.0,0.0,0.0,0.0,0,0,0,0,40,0,4228.32981,0.0,0,0,0.0,0.0,0.0,0,0,0,0,1,0,0,0,0,0.0,0.0,0.0,0,0,0,0,0,0,2,0,0,0,2052,-1,0,20,0.0,0.0,0.0,0.0,0.0,0.0,0.0,0.0,Bot
8080,6,02/03/2018 10:21:25,10470,3,4,326,129,326,0,108.6666667,188.2161878,112,0,32.25,53.7672453,43457.49761,668.5768863,1745.0,3829.883601,9555.0,21.0,568.0,284.0,295.5706345,493.0,75.0,9998.0,3332.666667,5390.941878,9555.0,66.0,0,0,0,0,72,92,286.5329513,382.0439351,0,326,56.875,115.4066568,13318.69643,0,0,1,1,0,0,0,1,1,65.0,108.6666667,32.25,0,0,0,0,0,0,3,326,4,129,8192,219,1,20,0.0,0.0,0.0,0.0,0.0,0.0,0.0,0.0,Bot
8080,6,02/03/2018 10:21:25,441,2,0,0,0,0,0,0.0,0.0,0,0,0.0,0.0,0.0,4535.147392,441.0,0.0,441.0,441.0,441.0,441.0,0.0,441.0,441.0,0.0,0.0,0.0,0.0,0.0,0,0,0,0,40,0,4535.147392,0.0,0,0,0.0,0.0,0.0,0,0,0,0,1,0,0,0,0,0.0,0.0,0.0,0,0,0,0,0,0,2,0,0,0,2052,-1,0,20,0.0,0.0,0.0,0.0,0.0,0.0,0.0,0.0,Bot
8080,6,02/03/2018 10:21:27,11735,3,4,326,129,326,0,108.6666667,188.2161878,112,0,32.25,53.7672453,38772.90158,596.5061781,1955.833333,4272.235734,10666.0,21.0,596.0,298.0,333.7544007,534.0,62.0,11222.0,3740.666667,6001.808922,10666.0,51.0,0,0,0,0,72,92,255.6455049,340.8606732,0,326,56.875,115.4066568,13318.69643,0,0,1,1,0,0,0,1,1,65.0,108.6666667,32.25,0,0,0,0,0,0,3,326,4,129,8192,219,1,20,0.0,0.0,0.0,0.0,0.0,0.0,0.0,0.0,Bot
8080,6,02/03/2018 10:21:27,468,2,0,0,0,0,0,0.0,0.0,0,0,0.0,0.0,0.0,4273.504274,468.0,0.0,468.0,468.0,468.0,468.0,0.0,468.0,468.0,0.0,0.0,0.0,0.0,0.0,0,0,0,0,40,0,4273.504274,0.0,0,0,0.0,0.0,0.0,0,0,0,0,1,0,0,0,0,0.0,0.0,0.0,0,0,0,0,0,0,2,0,0,0,2052,-1,0,20,0.0,0.0,0.0,0.0,0.0,0.0,0.0,0.0,Bot
8080,6,02/03/2018 10:21:29,10417,3,4,326,129,326,0,108.6666667,188.2161878,112,0,32.25,53.7672453,43678.60228,671.9784967,1736.166667,3885.666245,9661.0,1.0,489.0,244.5,262.3366158,430.0,59.0,10007.0,3335.666667,5480.598994,9661.0,1.0,0,0,0,0,72,92,287.9907843,383.9877124,0,326,56.875,115.4066568,13318.69643,0,0,1,1,0,0,0,1,1,65.0,108.6666667,32.25,0,0,0,0,0,0,3,326,4,129,8192,219,1,20,0.0,0.0,0.0,0.0,0.0,0.0,0.0,0.0,Bot
8080,6,02/03/2018 10:21:29,477,2,0,0,0,0,0,0.0,0.0,0,0,0.0,0.0,0.0,4192.872117,477.0,0.0,477.0,477.0,477.0,477.0,0.0,477.0,477.0,0.0,0.0,0.0,0.0,0.0,0,0,0,0,40,0,4192.872117,0.0,0,0,0.0,0.0,0.0,0,0,0,0,1,0,0,0,0,0.0,0.0,0.0,0,0,0,0,0,0,2,0,0,0,2052,-1,0,20,0.0,0.0,0.0,0.0,0.0,0.0,0.0,0.0,Bot
8080,6,02/03/2018 10:21:31,10642,3,4,326,129,326,0,108.6666667,188.2161878,112,0,32.25,53.7672453,42755.12122,657.7710957,1773.666667,3943.29211,9815.0,1.0,525.0,262.5,294.8635278,471.0,54.0,10201.0,3400.333333,5558.581234,9815.0,1.0,0,0,0,0,72,92,281.9018981,375.8691975,0,326,56.875,115.4066568,13318.69643,0,0,1,1,0,0,0,1,1,65.0,108.6666667,32.25,0,0,0,0,0,0,3,326,4,129,8192,219,1,20,0.0,0.0,0.0,0.0,0.0,0.0,0.0,0.0,Bot
8080,6,02/03/2018 10:21:31,490,2,0,0,0,0,0,0.0,0.0,0,0,0.0,0.0,0.0,4081.632653,490.0,0.0,490.0,490.0,490.0,490.0,0.0,490.0,490.0,0.0,0.0,0.0,0.0,0.0,0,0,0,0,40,0,4081.632653,0.0,0,0,0.0,0.0,0.0,0,0,0,0,1,0,0,0,0,0.0,0.0,0.0,0,0,0,0,0,0,2,0,0,0,2052,-1,0,20,0.0,0.0,0.0,0.0,0.0,0.0,0.0,0.0,Bot
8080,6,02/03/2018 10:21:33,10814,3,4,326,129,326,0,108.6666667,188.2161878,112,0,32.25,53.7672453,42075.08785,647.3090438,1802.333333,3996.599438,9953.0,18.0,515.0,257.5,293.4493142,465.0,50.0,10367.0,3455.666667,5629.017795,9953.0,51.0,0,0,0,0,72,92,277.4181616,369.8908822,0,326,56.875,115.4066568,13318.69643,0,0,1,1,0,0,0,1,1,65.0,108.6666667,32.25,0,0,0,0,0,0,3,326,4,129,8192,219,1,20,0.0,0.0,0.0,0.0,0.0,0.0,0.0,0.0,Bot
8080,6,02/03/2018 10:21:33,458,2,0,0,0,0,0,0.0,0.0,0,0,0.0,0.0,0.0,4366.812227,458.0,0.0,458.0,458.0,458.0,458.0,0.0,458.0,458.0,0.0,0.0,0.0,0.0,0.0,0,0,0,0,40,0,4366.812227,0.0,0,0,0.0,0.0,0.0,0,0,0,0,1,0,0,0,0,0.0,0.0,0.0,0,0,0,0,0,0,2,0,0,0,2052,-1,0,20,0.0,0.0,0.0,0.0,0.0,0.0,0.0,0.0,Bot
8080,6,02/03/2018 10:21:35,9931,3,4,326,129,326,0,108.6666667,188.2161878,112,0,32.25,53.7672453,45816.13131,704.8635586,1655.166667,3680.007142,9160.0,14.0,482.0,241.0,263.0437226,427.0,55.0,9525.0,3175.0,5185.900211,9160.0,14.0,0,0,0,0,72,92,302.0843822,402.7791763,0,326,56.875,115.4066568,13318.69643,0,0,1,1,0,0,0,1,1,65.0,108.6666667,32.25,0,0,0,0,0,0,3,326,4,129,8192,219,1,20,0.0,0.0,0.0,0.0,0.0,0.0,0.0,0.0,Bot
8080,6,02/03/2018 10:21:35,498,2,0,0,0,0,0,0.0,0.0,0,0,0.0,0.0,0.0,4016.064257,498.0,0.0,498.0,498.0,498.0,498.0,0.0,498.0,498.0,0.0,0.0,0.0,0.0,0.0,0,0,0,0,40,0,4016.064257,0.0,0,0,0.0,0.0,0.0,0,0,0,0,1,0,0,0,0,0.0,0.0,0.0,0,0,0,0,0,0,2,0,0,0,2052,-1,0,20,0.0,0.0,0.0,0.0,0.0,0.0,0.0,0.0,Bot
8080,6,02/03/2018 10:21:37,10741,3,4,326,129,326,0,108.6666667,188.2161878,112,0,32.25,53.7672453,42361.04646,651.708407,1790.166667,3901.086742,9741.0,18.0,650.0,325.0,387.4945161,599.0,51.0,10160.0,3386.666667,5505.354151,9741.0,49.0,0,0,0,0,72,92,279.303603,372.404804,0,326,56.875,115.4066568,13318.69643,0,0,1,1,0,0,0,1,1,65.0,108.6666667,32.25,0,0,0,0,0,0,3,326,4,129,8192,219,1,20,0.0,0.0,0.0,0.0,0.0,0.0,0.0,0.0,Bot
8080,6,02/03/2018 10:21:37,475,2,0,0,0,0,0,0.0,0.0,0,0,0.0,0.0,0.0,4210.526316,475.0,0.0,475.0,475.0,475.0,475.0,0.0,475.0,475.0,0.0,0.0,0.0,0.0,0.0,0,0,0,0,40,0,4210.526316,0.0,0,0,0.0,0.0,0.0,0,0,0,0,1,0,0,0,0,0.0,0.0,0.0,0,0,0,0,0,0,2,0,0,0,2052,-1,0,20,0.0,0.0,0.0,0.0,0.0,0.0,0.0,0.0,Bot
8080,6,02/03/2018 10:21:39,10653,3,4,326,129,326,0,108.6666667,188.2161878,112,0,32.25,53.7672453,42710.97343,657.091899,1775.5,3900.805801,9728.0,29.0,616.0,308.0,352.139177,557.0,59.0,10125.0,3375.0,5504.439027,9728.0,30.0,0,0,0,0,72,92,281.6108139,375.4810851,0,326,56.875,115.4066568,13318.69643,0,0,1,1,0,0,0,1,1,65.0,108.6666667,32.25,0,0,0,0,0,0,3,326,4,129,8192,219,1,20,0.0,0.0,0.0,0.0,0.0,0.0,0.0,0.0,Bot
8080,6,02/03/2018 10:21:39,485,2,0,0,0,0,0,0.0,0.0,0,0,0.0,0.0,0.0,4123.71134,485.0,0.0,485.0,485.0,485.0,485.0,0.0,485.0,485.0,0.0,0.0,0.0,0.0,0.0,0,0,0,0,40,0,4123.71134,0.0,0,0,0.0,0.0,0.0,0,0,0,0,1,0,0,0,0,0.0,0.0,0.0,0,0,0,0,0,0,2,0,0,0,2052,-1,0,20,0.0,0.0,0.0,0.0,0.0,0.0,0.0,0.0,Bot
8080,6,02/03/2018 10:21:41,10494,3,4,326,129,326,0,108.6666667,188.2161878,112,0,32.25,53.7672453,43358.1094,667.0478369,1749.0,3686.152303,9257.0,19.0,649.0,324.5,402.3437585,609.0,40.0,9904.0,3301.333333,5162.729543,9257.0,97.0,0,0,0,0,72,92,285.8776444,381.1701925,0,326,56.875,115.4066568,13318.69643,0,0,1,1,0,0,0,1,1,65.0,108.6666667,32.25,0,0,0,0,0,0,3,326,4,129,8192,219,1,20,0.0,0.0,0.0,0.0,0.0,0.0,0.0,0.0,Bot
8080,6,02/03/2018 10:21:41,457,2,0,0,0,0,0,0.0,0.0,0,0,0.0,0.0,0.0,4376.367615,457.0,0.0,457.0,457.0,457.0,457.0,0.0,457.0,457.0,0.0,0.0,0.0,0.0,0.0,0,0,0,0,40,0,4376.367615,0.0,0,0,0.0,0.0,0.0,0,0,0,0,1,0,0,0,0,0.0,0.0,0.0,0,0,0,0,0,0,2,0,0,0,2052,-1,0,20,0.0,0.0,0.0,0.0,0.0,0.0,0.0,0.0,Bot
8080,6,02/03/2018 10:21:43,10625,3,4,326,129,326,0,108.6666667,188.2161878,112,0,32.25,53.7672453,42823.52941,658.8235294,1770.833333,3913.973399,9753.0,18.0,468.0,234.0,260.2152955,418.0,50.0,10225.0,3408.333333,5497.756027,9753.0,51.0,0,0,0,0,72,92,282.3529412,376.4705882,0,326,56.875,115.4066568,13318.69643,0,0,1,1,0,0,0,1,1,65.0,108.6666667,32.25,0,0,0,0,0,0,3,326,4,129,8192,219,1,20,0.0,0.0,0.0,0.0,0.0,0.0,0.0,0.0,Bot
8080,6,02/03/2018 10:21:43,444,2,0,0,0,0,0,0.0,0.0,0,0,0.0,0.0,0.0,4504.504505,444.0,0.0,444.0,444.0,444.0,444.0,0.0,444.0,444.0,0.0,0.0,0.0,0.0,0.0,0,0,0,0,40,0,4504.504505,0.0,0,0,0.0,0.0,0.0,0,0,0,0,1,0,0,0,0,0.0,0.0,0.0,0,0,0,0,0,0,2,0,0,0,2052,-1,0,20,0.0,0.0,0.0,0.0,0.0,0.0,0.0,0.0,Bot
8080,6,02/03/2018 10:21:45,10977,3,4,326,129,326,0,108.6666667,188.2161878,112,0,32.25,53.7672453,41450.30518,637.6970028,1829.5,4008.140654,10002.0,17.0,609.0,304.5,341.5325753,546.0,63.0,10448.0,3482.666667,5647.474598,10002.0,90.0,0,0,0,0,72,92,273.2987155,364.3982873,0,326,56.875,115.4066568,13318.69643,0,0,1,1,0,0,0,1,1,65.0,108.6666667,32.25,0,0,0,0,0,0,3,326,4,129,8192,219,1,20,0.0,0.0,0.0,0.0,0.0,0.0,0.0,0.0,Bot
8080,6,02/03/2018 10:21:45,430,2,0,0,0,0,0,0.0,0.0,0,0,0.0,0.0,0.0,4651.162791,430.0,0.0,430.0,430.0,430.0,430.0,0.0,430.0,430.0,0.0,0.0,0.0,0.0,0.0,0,0,0,0,40,0,4651.162791,0.0,0,0,0.0,0.0,0.0,0,0,0,0,1,0,0,0,0,0.0,0.0,0.0,0,0,0,0,0,0,2,0,0,0,2052,-1,0,20,0.0,0.0,0.0,0.0,0.0,0.0,0.0,0.0,Bot
8080,6,02/03/2018 10:21:47,11024,3,4,326,129,326,0,108.6666667,188.2161878,112,0,32.25,53.7672453,41273.58491,634.9782293,1837.333333,4024.670603,10042.0,17.0,601.0,300.5,354.2604974,551.0,50.0,10490.0,3496.666667,5671.250509,10042.0,45.0,0,0,0,0,72,92,272.1335269,362.8447025,0,326,56.875,115.4066568,13318.69643,0,0,1,1,0,0,0,1,1,65.0,108.6666667,32.25,0,0,0,0,0,0,3,326,4,129,8192,219,1,20,0.0,0.0,0.0,0.0,0.0,0.0,0.0,0.0,Bot
8080,6,02/03/2018 10:21:47,453,2,0,0,0,0,0,0.0,0.0,0,0,0.0,0.0,0.0,4415.011038,453.0,0.0,453.0,453.0,453.0,453.0,0.0,453.0,453.0,0.0,0.0,0.0,0.0,0.0,0,0,0,0,40,0,4415.011038,0.0,0,0,0.0,0.0,0.0,0,0,0,0,1,0,0,0,0,0.0,0.0,0.0,0,0,0,0,0,0,2,0,0,0,2052,-1,0,20,0.0,0.0,0.0,0.0,0.0,0.0,0.0,0.0,Bot
8080,6,02/03/2018 10:21:49,10582,3,4,326,129,326,0,108.6666667,188.2161878,112,0,32.25,53.7672453,42997.543,661.5006615,1763.666667,3904.450725,9725.0,1.0,545.0,272.5,316.0767312,496.0,49.0,10123.0,3374.333333,5503.401615,9725.0,1.0,0,0,0,0,72,92,283.5002835,378.000378,0,326,56.875,115.4066568,13318.69643,0,0,1,1,0,0,0,1,1,65.0,108.6666667,32.25,0,0,0,0,0,0,3,326,4,129,8192,219,1,20,0.0,0.0,0.0,0.0,0.0,0.0,0.0,0.0,Bot
8080,6,02/03/2018 10:21:49,469,2,0,0,0,0,0,0.0,0.0,0,0,0.0,0.0,0.0,4264.392324,469.0,0.0,469.0,469.0,469.0,469.0,0.0,469.0,469.0,0.0,0.0,0.0,0.0,0.0,0,0,0,0,40,0,4264.392324,0.0,0,0,0.0,0.0,0.0,0,0,0,0,1,0,0,0,0,0.0,0.0,0.0,0,0,0,0,0,0,2,0,0,0,2052,-1,0,20,0.0,0.0,0.0,0.0,0.0,0.0,0.0,0.0,Bot
8080,6,02/03/2018 10:21:51,11286,3,4,326,129,326,0,108.6666667,188.2161878,112,0,32.25,53.7672453,40315.43505,620.2374623,1881.0,4104.008821,10247.0,17.0,635.0,317.5,378.3021279,585.0,50.0,10718.0,3572.666667,5782.539782,10247.0,69.0,0,0,0,0,72,92,265.8160553,354.4214071,0,326,56.875,115.4066568,13318.69643,0,0,1,1,0,0,0,1,1,65.0,108.6666667,32.25,0,0,0,0,0,0,3,326,4,129,8192,219,1,20,0.0,0.0,0.0,0.0,0.0,0.0,0.0,0.0,Bot
8080,6,02/03/2018 10:21:51,455,2,0,0,0,0,0,0.0,0.0,0,0,0.0,0.0,0.0,4395.604396,455.0,0.0,455.0,455.0,455.0,455.0,0.0,455.0,455.0,0.0,0.0,0.0,0.0,0.0,0,0,0,0,40,0,4395.604396,0.0,0,0,0.0,0.0,0.0,0,0,0,0,1,0,0,0,0,0.0,0.0,0.0,0,0,0,0,0,0,2,0,0,0,2052,-1,0,20,0.0,0.0,0.0,0.0,0.0,0.0,0.0,0.0,Bot
8080,6,02/03/2018 10:21:53,10858,3,4,326,129,326,0,108.6666667,188.2161878,112,0,32.25,53.7672453,41904.58648,644.6859458,1809.666667,3914.748915,9786.0,1.0,584.0,292.0,352.139177,541.0,43.0,10338.0,3446.0,5497.483515,9786.0,1.0,0,0,0,0,72,92,276.2939768,368.3919691,0,326,56.875,115.4066568,13318.69643,0,0,1,1,0,0,0,1,1,65.0,108.6666667,32.25,0,0,0,0,0,0,3,326,4,129,8192,219,1,20,0.0,0.0,0.0,0.0,0.0,0.0,0.0,0.0,Bot
8080,6,02/03/2018 10:21:53,641,2,0,0,0,0,0,0.0,0.0,0,0,0.0,0.0,0.0,3120.124805,641.0,0.0,641.0,641.0,641.0,641.0,0.0,641.0,641.0,0.0,0.0,0.0,0.0,0.0,0,0,0,0,40,0,3120.124805,0.0,0,0,0.0,0.0,0.0,0,0,0,0,1,0,0,0,0,0.0,0.0,0.0,0,0,0,0,0,0,2,0,0,0,2052,-1,0,20,0.0,0.0,0.0,0.0,0.0,0.0,0.0,0.0,Bot
8080,6,02/03/2018 10:21:55,10395,3,4,326,129,326,0,108.6666667,188.2161878,112,0,32.25,53.7672453,43771.04377,673.4006734,1732.5,3781.186943,9440.0,16.0,552.0,276.0,316.783838,500.0,52.0,9916.0,3305.333333,5317.413406,9440.0,16.0,0,0,0,0,72,92,288.6002886,384.8003848,0,326,56.875,115.4066568,13318.69643,0,0,1,1,0,0,0,1,1,65.0,108.6666667,32.25,0,0,0,0,0,0,3,326,4,129,8192,219,1,20,0.0,0.0,0.0,0.0,0.0,0.0,0.0,0.0,Bot
8080,6,02/03/2018 10:21:55,515,2,0,0,0,0,0,0.0,0.0,0,0,0.0,0.0,0.0,3883.495146,515.0,0.0,515.0,515.0,515.0,515.0,0.0,515.0,515.0,0.0,0.0,0.0,0.0,0.0,0,0,0,0,40,0,3883.495146,0.0,0,0,0.0,0.0,0.0,0,0,0,0,1,0,0,0,0,0.0,0.0,0.0,0,0,0,0,0,0,2,0,0,0,2052,-1,0,20,0.0,0.0,0.0,0.0,0.0,0.0,0.0,0.0,Bot
8080,6,02/03/2018 10:21:57,10550,3,4,326,129,326,0,108.6666667,188.2161878,112,0,32.25,53.7672453,43127.96209,663.507109,1758.333333,3799.560325,9504.0,27.0,588.0,294.0,346.4823228,539.0,49.0,10038.0,3346.0,5335.854946,9504.0,92.0,0,0,0,0,72,92,284.3601896,379.1469194,0,326,56.875,115.4066568,13318.69643,0,0,1,1,0,0,0,1,1,65.0,108.6666667,32.25,0,0,0,0,0,0,3,326,4,129,8192,219,1,20,0.0,0.0,0.0,0.0,0.0,0.0,0.0,0.0,Bot
8080,6,02/03/2018 10:21:57,449,2,0,0,0,0,0,0.0,0.0,0,0,0.0,0.0,0.0,4454.342984,449.0,0.0,449.0,449.0,449.0,449.0,0.0,449.0,449.0,0.0,0.0,0.0,0.0,0.0,0,0,0,0,40,0,4454.342984,0.0,0,0,0.0,0.0,0.0,0,0,0,0,1,0,0,0,0,0.0,0.0,0.0,0,0,0,0,0,0,2,0,0,0,2052,-1,0,20,0.0,0.0,0.0,0.0,0.0,0.0,0.0,0.0,Bot
8080,6,02/03/2018 10:21:59,10613,3,4,326,129,326,0,108.6666667,188.2161878,112,0,32.25,53.7672453,42871.9495,659.5684538,1768.833333,3931.592472,9786.0,14.0,537.0,268.5,306.1772363,485.0,52.0,10150.0,3383.333333,5547.416456,9786.0,14.0,0,0,0,0,72,92,282.6721945,376.8962593,0,326,56.875,115.4066568,13318.69643,0,0,1,1,0,0,0,1,1,65.0,108.6666667,32.25,0,0,0,0,0,0,3,326,4,129,8192,219,1,20,0.0,0.0,0.0,0.0,0.0,0.0,0.0,0.0,Bot
8080,6,02/03/2018 10:21:59,482,2,0,0,0,0,0,0.0,0.0,0,0,0.0,0.0,0.0,4149.377593,482.0,0.0,482.0,482.0,482.0,482.0,0.0,482.0,482.0,0.0,0.0,0.0,0.0,0.0,0,0,0,0,40,0,4149.377593,0.0,0,0,0.0,0.0,0.0,0,0,0,0,1,0,0,0,0,0.0,0.0,0.0,0,0,0,0,0,0,2,0,0,0,2052,-1,0,20,0.0,0.0,0.0,0.0,0.0,0.0,0.0,0.0,Bot
8080,6,02/03/2018 10:22:01,10737,3,4,326,129,326,0,108.6666667,188.2161878,112,0,32.25,53.7672453,42376.82779,651.9511968,1789.5,3937.220631,9818.0,22.0,557.0,278.5,323.147799,507.0,50.0,10252.0,3417.333333,5545.142138,9818.0,68.0,0,0,0,0,72,92,279.4076558,372.543541,0,326,56.875,115.4066568,13318.69643,0,0,1,1,0,0,0,1,1,65.0,108.6666667,32.25,0,0,0,0,0,0,3,326,4,129,8192,219,1,20,0.0,0.0,0.0,0.0,0.0,0.0,0.0,0.0,Bot
8080,6,02/03/2018 10:22:01,443,2,0,0,0,0,0,0.0,0.0,0,0,0.0,0.0,0.0,4514.672686,443.0,0.0,443.0,443.0,443.0,443.0,0.0,443.0,443.0,0.0,0.0,0.0,0.0,0.0,0,0,0,0,40,0,4514.672686,0.0,0,0,0.0,0.0,0.0,0,0,0,0,1,0,0,0,0,0.0,0.0,0.0,0,0,0,0,0,0,2,0,0,0,2052,-1,0,20,0.0,0.0,0.0,0.0,0.0,0.0,0.0,0.0,Bot
8080,6,02/03/2018 10:22:03,11016,3,4,326,129,326,0,108.6666667,188.2161878,112,0,32.25,53.7672453,41303.55846,635.4393609,1836.0,4083.818311,10164.0,1.0,544.0,272.0,288.4995667,476.0,68.0,10561.0,3520.333333,5756.972845,10164.0,1.0,0,0,0,0,72,92,272.3311547,363.1082062,0,326,56.875,115.4066568,13318.69643,0,0,1,1,0,0,0,1,1,65.0,108.6666667,32.25,0,0,0,0,0,0,3,326,4,129,8192,219,1,20,0.0,0.0,0.0,0.0,0.0,0.0,0.0,0.0,Bot
8080,6,02/03/2018 10:22:03,507,2,0,0,0,0,0,0.0,0.0,0,0,0.0,0.0,0.0,3944.773176,507.0,0.0,507.0,507.0,507.0,507.0,0.0,507.0,507.0,0.0,0.0,0.0,0.0,0.0,0,0,0,0,40,0,3944.773176,0.0,0,0,0.0,0.0,0.0,0,0,0,0,1,0,0,0,0,0.0,0.0,0.0,0,0,0,0,0,0,2,0,0,0,2052,-1,0,20,0.0,0.0,0.0,0.0,0.0,0.0,0.0,0.0,Bot
8080,6,02/03/2018 10:22:05,10786,3,4,326,129,326,0,108.6666667,188.2161878,112,0,32.25,53.7672453,42184.313,648.9894307,1797.666667,3977.692329,9908.0,19.0,561.0,280.5,325.9762261,511.0,50.0,10294.0,3431.333333,5611.503304,9908.0,24.0,0,0,0,0,72,92,278.1383275,370.8511033,0,326,56.875,115.4066568,13318.69643,0,0,1,1,0,0,0,1,1,65.0,108.6666667,32.25,0,0,0,0,0,0,3,326,4,129,8192,219,1,20,0.0,0.0,0.0,0.0,0.0,0.0,0.0,0.0,Bot
8080,6,02/03/2018 10:22:05,483,2,0,0,0,0,0,0.0,0.0,0,0,0.0,0.0,0.0,4140.786749,483.0,0.0,483.0,483.0,483.0,483.0,0.0,483.0,483.0,0.0,0.0,0.0,0.0,0.0,0,0,0,0,40,0,4140.786749,0.0,0,0,0.0,0.0,0.0,0,0,0,0,1,0,0,0,0,0.0,0.0,0.0,0,0,0,0,0,0,2,0,0,0,256,-1,0,20,0.0,0.0,0.0,0.0,0.0,0.0,0.0,0.0,Bot
8080,6,02/03/2018 10:22:07,10486,3,4,326,129,326,0,108.6666667,188.2161878,112,0,32.25,53.7672453,43391.18825,667.5567423,1747.666667,3862.695208,9624.0,21.0,534.0,267.0,305.4701295,483.0,51.0,10024.0,3341.333333,5443.635397,9624.0,29.0,0,0,0,0,72,92,286.0957467,381.4609956,0,326,56.875,115.4066568,13318.69643,0,0,1,1,0,0,0,1,1,65.0,108.6666667,32.25,0,0,0,0,0,0,3,326,4,129,8192,219,1,20,0.0,0.0,0.0,0.0,0.0,0.0,0.0,0.0,Bot
8080,6,02/03/2018 10:22:07,479,2,0,0,0,0,0,0.0,0.0,0,0,0.0,0.0,0.0,4175.365344,479.0,0.0,479.0,479.0,479.0,479.0,0.0,479.0,479.0,0.0,0.0,0.0,0.0,0.0,0,0,0,0,40,0,4175.365344,0.0,0,0,0.0,0.0,0.0,0,0,0,0,1,0,0,0,0,0.0,0.0,0.0,0,0,0,0,0,0,2,0,0,0,256,-1,0,20,0.0,0.0,0.0,0.0,0.0,0.0,0.0,0.0,Bot
8080,6,02/03/2018 10:22:09,10825,3,4,326,129,326,0,108.6666667,188.2161878,112,0,32.25,53.7672453,42032.33256,646.6512702,1804.166667,3980.126501,9918.0,1.0,595.0,297.5,345.775216,542.0,53.0,10305.0,3435.0,5617.741806,9918.0,1.0,0,0,0,0,72,92,277.1362587,369.5150115,0,326,56.875,115.4066568,13318.69643,0,0,1,1,0,0,0,1,1,65.0,108.6666667,32.25,0,0,0,0,0,0,3,326,4,129,8192,219,1,20,0.0,0.0,0.0,0.0,0.0,0.0,0.0,0.0,Bot
8080,6,02/03/2018 10:22:09,505,2,0,0,0,0,0,0.0,0.0,0,0,0.0,0.0,0.0,3960.39604,505.0,0.0,505.0,505.0,505.0,505.0,0.0,505.0,505.0,0.0,0.0,0.0,0.0,0.0,0,0,0,0,40,0,3960.39604,0.0,0,0,0.0,0.0,0.0,0,0,0,0,1,0,0,0,0,0.0,0.0,0.0,0,0,0,0,0,0,2,0,0,0,2052,-1,0,20,0.0,0.0,0.0,0.0,0.0,0.0,0.0,0.0,Bot
8080,6,02/03/2018 10:22:11,10265,3,4,326,129,326,0,108.6666667,188.2161878,112,0,32.25,53.7672453,44325.3775,681.9288846,1710.833333,3766.140062,9390.0,21.0,546.0,273.0,306.884343,490.0,56.0,9796.0,3265.333333,5306.620896,9390.0,40.0,0,0,0,0,72,92,292.2552362,389.6736483,0,326,56.875,115.4066568,13318.69643,0,0,1,1,0,0,0,1,1,65.0,108.6666667,32.25,0,0,0,0,0,0,3,326,4,129,8192,219,1,20,0.0,0.0,0.0,0.0,0.0,0.0,0.0,0.0,Bot
8080,6,02/03/2018 10:22:11,479,2,0,0,0,0,0,0.0,0.0,0,0,0.0,0.0,0.0,4175.365344,479.0,0.0,479.0,479.0,479.0,479.0,0.0,479.0,479.0,0.0,0.0,0.0,0.0,0.0,0,0,0,0,40,0,4175.365344,0.0,0,0,0.0,0.0,0.0,0,0,0,0,1,0,0,0,0,0.0,0.0,0.0,0,0,0,0,0,0,2,0,0,0,2052,-1,0,20,0.0,0.0,0.0,0.0,0.0,0.0,0.0,0.0,Bot
8080,6,02/03/2018 10:22:13,11146,3,4,326,129,326,0,108.6666667,188.2161878,112,0,32.25,53.7672453,40821.81949,628.0279921,1857.666667,4117.733584,10256.0,23.0,543.0,271.5,307.5914498,489.0,54.0,10680.0,3560.0,5800.431105,10256.0,79.0,0,0,0,0,72,92,269.1548538,358.8731383,0,326,56.875,115.4066568,13318.69643,0,0,1,1,0,0,0,1,1,65.0,108.6666667,32.25,0,0,0,0,0,0,3,326,4,129,8192,219,1,20,0.0,0.0,0.0,0.0,0.0,0.0,0.0,0.0,Bot
8080,6,02/03/2018 10:22:13,441,2,0,0,0,0,0,0.0,0.0,0,0,0.0,0.0,0.0,4535.147392,441.0,0.0,441.0,441.0,441.0,441.0,0.0,441.0,441.0,0.0,0.0,0.0,0.0,0.0,0,0,0,0,40,0,4535.147392,0.0,0,0,0.0,0.0,0.0,0,0,0,0,1,0,0,0,0,0.0,0.0,0.0,0,0,0,0,0,0,2,0,0,0,2052,-1,0,20,0.0,0.0,0.0,0.0,0.0,0.0,0.0,0.0,Bot
8080,6,02/03/2018 10:22:15,11098,3,4,326,129,326,0,108.6666667,188.2161878,112,0,32.25,53.7672453,40998.37809,630.7442782,1849.666667,4104.765848,10220.0,22.0,564.0,282.0,326.6833329,513.0,51.0,10607.0,3535.666667,5791.054855,10220.0,32.0,0,0,0,0,72,92,270.3189764,360.4253019,0,326,56.875,115.4066568,13318.69643,0,0,1,1,0,0,0,1,1,65.0,108.6666667,32.25,0,0,0,0,0,0,3,326,4,129,8192,219,1,20,0.0,0.0,0.0,0.0,0.0,0.0,0.0,0.0,Bot
8080,6,02/03/2018 10:22:15,478,2,0,0,0,0,0,0.0,0.0,0,0,0.0,0.0,0.0,4184.100418,478.0,0.0,478.0,478.0,478.0,478.0,0.0,478.0,478.0,0.0,0.0,0.0,0.0,0.0,0,0,0,0,40,0,4184.100418,0.0,0,0,0.0,0.0,0.0,0,0,0,0,1,0,0,0,0,0.0,0.0,0.0,0,0,0,0,0,0,2,0,0,0,2052,-1,0,20,0.0,0.0,0.0,0.0,0.0,0.0,0.0,0.0,Bot
8080,6,02/03/2018 10:22:17,10745,3,4,326,129,326,0,108.6666667,188.2161878,112,0,32.25,53.7672453,42345.27687,651.465798,1790.833333,3939.377383,9823.0,21.0,572.0,286.0,330.9259736,520.0,52.0,10246.0,3415.333333,5551.551705,9823.0,50.0,0,0,0,0,72,92,279.1996277,372.2661703,0,326,56.875,115.4066568,13318.69643,0,0,1,1,0,0,0,1,1,65.0,108.6666667,32.25,0,0,0,0,0,0,3,326,4,129,8192,219,1,20,0.0,0.0,0.0,0.0,0.0,0.0,0.0,0.0,Bot
8080,6,02/03/2018 10:22:17,459,2,0,0,0,0,0,0.0,0.0,0,0,0.0,0.0,0.0,4357.298475,459.0,0.0,459.0,459.0,459.0,459.0,0.0,459.0,459.0,0.0,0.0,0.0,0.0,0.0,0,0,0,0,40,0,4357.298475,0.0,0,0,0.0,0.0,0.0,0,0,0,0,1,0,0,0,0,0.0,0.0,0.0,0,0,0,0,0,0,2,0,0,0,2052,-1,0,20,0.0,0.0,0.0,0.0,0.0,0.0,0.0,0.0,Bot
8080,6,02/03/2018 10:22:19,12908,3,4,326,129,326,0,108.6666667,188.2161878,112,0,32.25,53.7672453,35249.4577,542.2993492,2151.333333,4835.534372,12014.0,1.0,524.0,262.0,299.8132752,474.0,50.0,12454.0,4151.333333,6812.789908,12014.0,1.0,0,0,0,0,72,92,232.4140068,309.8853424,0,326,56.875,115.4066568,13318.69643,0,0,1,1,0,0,0,1,1,65.0,108.6666667,32.25,0,0,0,0,0,0,3,326,4,129,8192,219,1,20,0.0,0.0,0.0,0.0,0.0,0.0,0.0,0.0,Bot
8080,6,02/03/2018 10:22:19,483,2,0,0,0,0,0,0.0,0.0,0,0,0.0,0.0,0.0,4140.786749,483.0,0.0,483.0,483.0,483.0,483.0,0.0,483.0,483.0,0.0,0.0,0.0,0.0,0.0,0,0,0,0,40,0,4140.786749,0.0,0,0,0.0,0.0,0.0,0,0,0,0,1,0,0,0,0,0.0,0.0,0.0,0,0,0,0,0,0,2,0,0,0,2052,-1,0,20,0.0,0.0,0.0,0.0,0.0,0.0,0.0,0.0,Bot
8080,6,02/03/2018 10:22:21,10247,3,4,326,129,326,0,108.6666667,188.2161878,112,0,32.25,53.7672453,44403.23997,683.1267688,1707.833333,3792.661726,9441.0,1.0,517.0,258.5,294.8635278,467.0,50.0,9796.0,3265.333333,5351.195785,9441.0,1.0,0,0,0,0,72,92,292.7686152,390.3581536,0,326,56.875,115.4066568,13318.69643,0,0,1,1,0,0,0,1,1,65.0,108.6666667,32.25,0,0,0,0,0,0,3,326,4,129,8192,219,1,20,0.0,0.0,0.0,0.0,0.0,0.0,0.0,0.0,Bot
8080,6,02/03/2018 10:22:21,500,2,0,0,0,0,0,0.0,0.0,0,0,0.0,0.0,0.0,4000.0,500.0,0.0,500.0,500.0,500.0,500.0,0.0,500.0,500.0,0.0,0.0,0.0,0.0,0.0,0,0,0,0,40,0,4000.0,0.0,0,0,0.0,0.0,0.0,0,0,0,0,1,0,0,0,0,0.0,0.0,0.0,0,0,0,0,0,0,2,0,0,0,2052,-1,0,20,0.0,0.0,0.0,0.0,0.0,0.0,0.0,0.0,Bot
8080,6,02/03/2018 10:22:23,10178,3,4,326,129,326,0,108.6666667,188.2161878,112,0,32.25,53.7672453,44704.2641,687.7579092,1696.333333,3745.653677,9333.0,15.0,558.0,279.0,316.783838,503.0,55.0,9696.0,3232.0,5286.243751,9333.0,15.0,0,0,0,0,72,92,294.7533897,393.0045196,0,326,56.875,115.4066568,13318.69643,0,0,1,1,0,0,0,1,1,65.0,108.6666667,32.25,0,0,0,0,0,0,3,326,4,129,8192,219,1,20,0.0,0.0,0.0,0.0,0.0,0.0,0.0,0.0,Bot
8080,6,02/03/2018 10:22:23,479,2,0,0,0,0,0,0.0,0.0,0,0,0.0,0.0,0.0,4175.365344,479.0,0.0,479.0,479.0,479.0,479.0,0.0,479.0,479.0,0.0,0.0,0.0,0.0,0.0,0,0,0,0,40,0,4175.365344,0.0,0,0,0.0,0.0,0.0,0,0,0,0,1,0,0,0,0,0.0,0.0,0.0,0,0,0,0,0,0,2,0,0,0,2052,-1,0,20,0.0,0.0,0.0,0.0,0.0,0.0,0.0,0.0,Bot
8080,6,02/03/2018 10:22:25,10719,3,4,326,129,326,0,108.6666667,188.2161878,112,0,32.25,53.7672453,42447.98955,653.0459931,1786.5,3895.288629,9725.0,1.0,600.0,300.0,354.9676042,551.0,49.0,10187.0,3395.666667,5486.186775,9725.0,1.0,0,0,0,0,72,92,279.8768542,373.1691389,0,326,56.875,115.4066568,13318.69643,0,0,1,1,0,0,0,1,1,65.0,108.6666667,32.25,0,0,0,0,0,0,3,326,4,129,8192,219,1,20,0.0,0.0,0.0,0.0,0.0,0.0,0.0,0.0,Bot
8080,6,02/03/2018 10:22:25,480,2,0,0,0,0,0,0.0,0.0,0,0,0.0,0.0,0.0,4166.666667,480.0,0.0,480.0,480.0,480.0,480.0,0.0,480.0,480.0,0.0,0.0,0.0,0.0,0.0,0,0,0,0,40,0,4166.666667,0.0,0,0,0.0,0.0,0.0,0,0,0,0,1,0,0,0,0,0.0,0.0,0.0,0,0,0,0,0,0,2,0,0,0,2052,-1,0,20,0.0,0.0,0.0,0.0,0.0,0.0,0.0,0.0,Bot
8080,6,02/03/2018 10:22:27,11453,3,4,326,129,326,0,108.6666667,188.2161878,112,0,32.25,53.7672453,39727.58229,611.1935737,1908.833333,4053.861883,10163.0,15.0,724.0,362.0,451.1341264,681.0,43.0,10791.0,3597.0,5694.178431,10163.0,15.0,0,0,0,0,72,92,261.940103,349.2534707,0,326,56.875,115.4066568,13318.69643,0,0,1,1,0,0,0,1,1,65.0,108.6666667,32.25,0,0,0,0,0,0,3,326,4,129,8192,219,1,20,0.0,0.0,0.0,0.0,0.0,0.0,0.0,0.0,Bot
8080,6,02/03/2018 10:22:27,651,2,0,0,0,0,0,0.0,0.0,0,0,0.0,0.0,0.0,3072.196621,651.0,0.0,651.0,651.0,651.0,651.0,0.0,651.0,651.0,0.0,0.0,0.0,0.0,0.0,0,0,0,0,40,0,3072.196621,0.0,0,0,0.0,0.0,0.0,0,0,0,0,1,0,0,0,0,0.0,0.0,0.0,0,0,0,0,0,0,2,0,0,0,2052,-1,0,20,0.0,0.0,0.0,0.0,0.0,0.0,0.0,0.0,Bot
8080,6,02/03/2018 10:22:29,10562,3,4,326,129,326,0,108.6666667,188.2161878,112,0,32.25,53.7672453,43078.96232,662.7532664,1760.333333,3903.165365,9721.0,22.0,498.0,249.0,280.0142853,447.0,51.0,10137.0,3379.0,5494.381039,9721.0,58.0,0,0,0,0,72,92,284.0371142,378.7161522,0,326,56.875,115.4066568,13318.69643,0,0,1,1,0,0,0,1,1,65.0,108.6666667,32.25,0,0,0,0,0,0,3,326,4,129,8192,219,1,20,0.0,0.0,0.0,0.0,0.0,0.0,0.0,0.0,Bot
8080,6,02/03/2018 10:22:29,463,2,0,0,0,0,0,0.0,0.0,0,0,0.0,0.0,0.0,4319.654428,463.0,0.0,463.0,463.0,463.0,463.0,0.0,463.0,463.0,0.0,0.0,0.0,0.0,0.0,0,0,0,0,40,0,4319.654428,0.0,0,0,0.0,0.0,0.0,0,0,0,0,1,0,0,0,0,0.0,0.0,0.0,0,0,0,0,0,0,2,0,0,0,2052,-1,0,20,0.0,0.0,0.0,0.0,0.0,0.0,0.0,0.0,Bot
8080,6,02/03/2018 10:22:31,10374,3,4,326,129,326,0,108.6666667,188.2161878,112,0,32.25,53.7672453,43859.64912,674.7638327,1729.0,3821.481388,9523.0,21.0,495.0,247.5,279.3071786,445.0,50.0,9950.0,3316.666667,5376.652335,9523.0,74.0,0,0,0,0,72,92,289.1844997,385.5793329,0,326,56.875,115.4066568,13318.69643,0,0,1,1,0,0,0,1,1,65.0,108.6666667,32.25,0,0,0,0,0,0,3,326,4,129,8192,219,1,20,0.0,0.0,0.0,0.0,0.0,0.0,0.0,0.0,Bot
8080,6,02/03/2018 10:22:31,439,2,0,0,0,0,0,0.0,0.0,0,0,0.0,0.0,0.0,4555.808656,439.0,0.0,439.0,439.0,439.0,439.0,0.0,439.0,439.0,0.0,0.0,0.0,0.0,0.0,0,0,0,0,40,0,4555.808656,0.0,0,0,0.0,0.0,0.0,0,0,0,0,1,0,0,0,0,0.0,0.0,0.0,0,0,0,0,0,0,2,0,0,0,2052,-1,0,20,0.0,0.0,0.0,0.0,0.0,0.0,0.0,0.0,Bot
8080,6,02/03/2018 10:22:33,10425,3,4,326,129,326,0,108.6666667,188.2161878,112,0,32.25,53.7672453,43645.08393,671.4628297,1737.5,3879.185211,9650.0,17.0,464.0,232.0,251.7300141,410.0,54.0,10032.0,3344.0,5463.161264,9650.0,43.0,0,0,0,0,72,92,287.7697842,383.6930456,0,326,56.875,115.4066568,13318.69643,0,0,1,1,0,0,0,1,1,65.0,108.6666667,32.25,0,0,0,0,0,0,3,326,4,129,8192,219,1,20,0.0,0.0,0.0,0.0,0.0,0.0,0.0,0.0,Bot
8080,6,02/03/2018 10:22:33,467,2,0,0,0,0,0,0.0,0.0,0,0,0.0,0.0,0.0,4282.655246,467.0,0.0,467.0,467.0,467.0,467.0,0.0,467.0,467.0,0.0,0.0,0.0,0.0,0.0,0,0,0,0,40,0,4282.655246,0.0,0,0,0.0,0.0,0.0,0,0,0,0,1,0,0,0,0,0.0,0.0,0.0,0,0,0,0,0,0,2,0,0,0,2052,-1,0,20,0.0,0.0,0.0,0.0,0.0,0.0,0.0,0.0,Bot
8080,6,02/03/2018 10:22:35,10615,3,4,326,129,326,0,108.6666667,188.2161878,112,0,32.25,53.7672453,42863.87188,659.4441828,1769.166667,3888.738223,9699.0,22.0,538.0,269.0,292.7422074,476.0,62.0,10161.0,3387.0,5469.348133,9699.0,50.0,0,0,0,0,72,92,282.6189355,376.8252473,0,326,56.875,115.4066568,13318.69643,0,0,1,1,0,0,0,1,1,65.0,108.6666667,32.25,0,0,0,0,0,0,3,326,4,129,8192,219,1,20,0.0,0.0,0.0,0.0,0.0,0.0,0.0,0.0,Bot
8080,6,02/03/2018 10:22:35,491,2,0,0,0,0,0,0.0,0.0,0,0,0.0,0.0,0.0,4073.319756,491.0,0.0,491.0,491.0,491.0,491.0,0.0,491.0,491.0,0.0,0.0,0.0,0.0,0.0,0,0,0,0,40,0,4073.319756,0.0,0,0,0.0,0.0,0.0,0,0,0,0,1,0,0,0,0,0.0,0.0,0.0,0,0,0,0,0,0,2,0,0,0,2052,-1,0,20,0.0,0.0,0.0,0.0,0.0,0.0,0.0,0.0,Bot
8080,6,02/03/2018 10:22:37,10604,3,4,326,129,326,0,108.6666667,188.2161878,112,0,32.25,53.7672453,42908.33648,660.1282535,1767.333333,3871.475877,9661.0,20.0,580.0,290.0,339.411255,530.0,50.0,10094.0,3364.666667,5454.370022,9661.0,85.0,0,0,0,0,72,92,282.9121086,377.2161449,0,326,56.875,115.4066568,13318.69643,0,0,1,1,0,0,0,1,1,65.0,108.6666667,32.25,0,0,0,0,0,0,3,326,4,129,8192,219,1,20,0.0,0.0,0.0,0.0,0.0,0.0,0.0,0.0,Bot
8080,6,02/03/2018 10:22:37,467,2,0,0,0,0,0,0.0,0.0,0,0,0.0,0.0,0.0,4282.655246,467.0,0.0,467.0,467.0,467.0,467.0,0.0,467.0,467.0,0.0,0.0,0.0,0.0,0.0,0,0,0,0,40,0,4282.655246,0.0,0,0,0.0,0.0,0.0,0,0,0,0,1,0,0,0,0,0.0,0.0,0.0,0,0,0,0,0,0,2,0,0,0,2052,-1,0,20,0.0,0.0,0.0,0.0,0.0,0.0,0.0,0.0,Bot
8080,6,02/03/2018 10:22:39,10490,3,4,326,129,326,0,108.6666667,188.2161878,112,0,32.25,53.7672453,43374.64252,667.3021926,1748.333333,3747.91092,9384.0,22.0,610.0,305.0,357.7960313,558.0,52.0,9954.0,3318.0,5259.839446,9384.0,23.0,0,0,0,0,72,92,285.986654,381.3155386,0,326,56.875,115.4066568,13318.69643,0,0,1,1,0,0,0,1,1,65.0,108.6666667,32.25,0,0,0,0,0,0,3,326,4,129,8192,219,1,20,0.0,0.0,0.0,0.0,0.0,0.0,0.0,0.0,Bot
8080,6,02/03/2018 10:22:39,453,2,0,0,0,0,0,0.0,0.0,0,0,0.0,0.0,0.0,4415.011038,453.0,0.0,453.0,453.0,453.0,453.0,0.0,453.0,453.0,0.0,0.0,0.0,0.0,0.0,0,0,0,0,40,0,4415.011038,0.0,0,0,0.0,0.0,0.0,0,0,0,0,1,0,0,0,0,0.0,0.0,0.0,0,0,0,0,0,0,2,0,0,0,2052,-1,0,20,0.0,0.0,0.0,0.0,0.0,0.0,0.0,0.0,Bot
8080,6,02/03/2018 10:22:41,11308,3,4,326,129,326,0,108.6666667,188.2161878,112,0,32.25,53.7672453,40237.00035,619.0307747,1884.666667,3991.204112,10004.0,1.0,932.0,466.0,585.4844148,880.0,52.0,10448.0,3482.666667,5651.962697,10004.0,1.0,0,0,0,0,72,92,265.2989034,353.7318712,0,326,56.875,115.4066568,13318.69643,0,0,1,1,0,0,0,1,1,65.0,108.6666667,32.25,0,0,0,0,0,0,3,326,4,129,8192,219,1,20,0.0,0.0,0.0,0.0,0.0,0.0,0.0,0.0,Bot
8080,6,02/03/2018 10:22:41,486,2,0,0,0,0,0,0.0,0.0,0,0,0.0,0.0,0.0,4115.226337,486.0,0.0,486.0,486.0,486.0,486.0,0.0,486.0,486.0,0.0,0.0,0.0,0.0,0.0,0,0,0,0,40,0,4115.226337,0.0,0,0,0.0,0.0,0.0,0,0,0,0,1,0,0,0,0,0.0,0.0,0.0,0,0,0,0,0,0,2,0,0,0,2052,-1,0,20,0.0,0.0,0.0,0.0,0.0,0.0,0.0,0.0,Bot
8080,6,02/03/2018 10:22:43,10674,3,4,326,129,326,0,108.6666667,188.2161878,112,0,32.25,53.7672453,42626.94398,655.7991381,1779.0,3959.926565,9854.0,14.0,533.0,266.5,307.5914498,484.0,49.0,10210.0,3403.333333,5588.847943,9854.0,14.0,0,0,0,0,72,92,281.0567735,374.7423646,0,326,56.875,115.4066568,13318.69643,0,0,1,1,0,0,0,1,1,65.0,108.6666667,32.25,0,0,0,0,0,0,3,326,4,129,8192,219,1,20,0.0,0.0,0.0,0.0,0.0,0.0,0.0,0.0,Bot
8080,6,02/03/2018 10:22:44,472,2,0,0,0,0,0,0.0,0.0,0,0,0.0,0.0,0.0,4237.288136,472.0,0.0,472.0,472.0,472.0,472.0,0.0,472.0,472.0,0.0,0.0,0.0,0.0,0.0,0,0,0,0,40,0,4237.288136,0.0,0,0,0.0,0.0,0.0,0,0,0,0,1,0,0,0,0,0.0,0.0,0.0,0,0,0,0,0,0,2,0,0,0,2052,-1,0,20,0.0,0.0,0.0,0.0,0.0,0.0,0.0,0.0,Bot
8080,6,02/03/2018 10:22:46,10502,3,4,326,129,326,0,108.6666667,188.2161878,112,0,32.25,53.7672453,43325.08094,666.5397067,1750.333333,3871.052243,9644.0,21.0,527.0,263.5,300.520382,476.0,51.0,10047.0,3349.0,5454.264295,9644.0,32.0,0,0,0,0,72,92,285.6598743,380.8798324,0,326,56.875,115.4066568,13318.69643,0,0,1,1,0,0,0,1,1,65.0,108.6666667,32.25,0,0,0,0,0,0,3,326,4,129,8192,219,1,20,0.0,0.0,0.0,0.0,0.0,0.0,0.0,0.0,Bot
8080,6,02/03/2018 10:22:46,478,2,0,0,0,0,0,0.0,0.0,0,0,0.0,0.0,0.0,4184.100418,478.0,0.0,478.0,478.0,478.0,478.0,0.0,478.0,478.0,0.0,0.0,0.0,0.0,0.0,0,0,0,0,40,0,4184.100418,0.0,0,0,0.0,0.0,0.0,0,0,0,0,1,0,0,0,0,0.0,0.0,0.0,0,0,0,0,0,0,2,0,0,0,256,-1,0,20,0.0,0.0,0.0,0.0,0.0,0.0,0.0,0.0,Bot
8080,6,02/03/2018 10:22:48,10577,3,4,326,129,326,0,108.6666667,188.2161878,112,0,32.25,53.7672453,43017.86896,661.8133686,1762.833333,3900.405334,9716.0,16.0,527.0,263.5,299.1061684,475.0,52.0,10123.0,3374.333333,5495.244156,9716.0,16.0,0,0,0,0,72,92,283.6343008,378.1790678,0,326,56.875,115.4066568,13318.69643,0,0,1,1,0,0,0,1,1,65.0,108.6666667,32.25,0,0,0,0,0,0,3,326,4,129,8192,219,1,20,0.0,0.0,0.0,0.0,0.0,0.0,0.0,0.0,Bot
8080,6,02/03/2018 10:22:48,488,2,0,0,0,0,0,0.0,0.0,0,0,0.0,0.0,0.0,4098.360656,488.0,0.0,488.0,488.0,488.0,488.0,0.0,488.0,488.0,0.0,0.0,0.0,0.0,0.0,0,0,0,0,40,0,4098.360656,0.0,0,0,0.0,0.0,0.0,0,0,0,0,1,0,0,0,0,0.0,0.0,0.0,0,0,0,0,0,0,2,0,0,0,2052,-1,0,20,0.0,0.0,0.0,0.0,0.0,0.0,0.0,0.0,Bot
8080,6,02/03/2018 10:22:50,10422,3,4,326,129,326,0,108.6666667,188.2161878,112,0,32.25,53.7672453,43657.64728,671.6561121,1737.0,3780.63984,9444.0,21.0,594.0,297.0,346.4823228,542.0,52.0,9901.0,3300.333333,5323.052351,9444.0,66.0,0,0,0,0,72,92,287.8526195,383.8034926,0,326,56.875,115.4066568,13318.69643,0,0,1,1,0,0,0,1,1,65.0,108.6666667,32.25,0,0,0,0,0,0,3,326,4,129,8192,219,1,20,0.0,0.0,0.0,0.0,0.0,0.0,0.0,0.0,Bot
8080,6,02/03/2018 10:22:50,504,2,0,0,0,0,0,0.0,0.0,0,0,0.0,0.0,0.0,3968.253968,504.0,0.0,504.0,504.0,504.0,504.0,0.0,504.0,504.0,0.0,0.0,0.0,0.0,0.0,0,0,0,0,40,0,3968.253968,0.0,0,0,0.0,0.0,0.0,0,0,0,0,1,0,0,0,0,0.0,0.0,0.0,0,0,0,0,0,0,2,0,0,0,2052,-1,0,20,0.0,0.0,0.0,0.0,0.0,0.0,0.0,0.0,Bot
8080,6,02/03/2018 10:22:52,10508,3,4,326,129,326,0,108.6666667,188.2161878,112,0,32.25,53.7672453,43300.3426,666.1591169,1751.333333,3882.437619,9669.0,21.0,512.0,256.0,287.0853532,459.0,53.0,10070.0,3356.666667,5469.055708,9669.0,38.0,0,0,0,0,72,92,285.4967644,380.6623525,0,326,56.875,115.4066568,13318.69643,0,0,1,1,0,0,0,1,1,65.0,108.6666667,32.25,0,0,0,0,0,0,3,326,4,129,8192,219,1,20,0.0,0.0,0.0,0.0,0.0,0.0,0.0,0.0,Bot
8080,6,02/03/2018 10:22:52,503,2,0,0,0,0,0,0.0,0.0,0,0,0.0,0.0,0.0,3976.143141,503.0,0.0,503.0,503.0,503.0,503.0,0.0,503.0,503.0,0.0,0.0,0.0,0.0,0.0,0,0,0,0,40,0,3976.143141,0.0,0,0,0.0,0.0,0.0,0,0,0,0,1,0,0,0,0,0.0,0.0,0.0,0,0,0,0,0,0,2,0,0,0,2052,-1,0,20,0.0,0.0,0.0,0.0,0.0,0.0,0.0,0.0,Bot
8080,6,02/03/2018 10:22:54,10579,3,4,326,129,326,0,108.6666667,188.2161878,112,0,32.25,53.7672453,43009.73627,661.6882503,1763.166667,3912.314324,9741.0,15.0,544.0,272.0,299.8132752,484.0,60.0,10116.0,3372.0,5518.412543,9741.0,15.0,0,0,0,0,72,92,283.5806787,378.1075716,0,326,56.875,115.4066568,13318.69643,0,0,1,1,0,0,0,1,1,65.0,108.6666667,32.25,0,0,0,0,0,0,3,326,4,129,8192,219,1,20,0.0,0.0,0.0,0.0,0.0,0.0,0.0,0.0,Bot
8080,6,02/03/2018 10:22:54,495,2,0,0,0,0,0,0.0,0.0,0,0,0.0,0.0,0.0,4040.40404,495.0,0.0,495.0,495.0,495.0,495.0,0.0,495.0,495.0,0.0,0.0,0.0,0.0,0.0,0,0,0,0,40,0,4040.40404,0.0,0,0,0.0,0.0,0.0,0,0,0,0,1,0,0,0,0,0.0,0.0,0.0,0,0,0,0,0,0,2,0,0,0,2052,-1,0,20,0.0,0.0,0.0,0.0,0.0,0.0,0.0,0.0,Bot
8080,6,02/03/2018 10:22:56,11065,3,4,326,129,326,0,108.6666667,188.2161878,112,0,32.25,53.7672453,41120.6507,632.6253954,1844.166667,4035.217586,10072.0,22.0,585.0,292.5,338.7041482,532.0,53.0,10555.0,3518.333333,5677.826726,10072.0,84.0,0,0,0,0,72,92,271.1251695,361.5002259,0,326,56.875,115.4066568,13318.69643,0,0,1,1,0,0,0,1,1,65.0,108.6666667,32.25,0,0,0,0,0,0,3,326,4,129,8192,219,1,20,0.0,0.0,0.0,0.0,0.0,0.0,0.0,0.0,Bot
8080,6,02/03/2018 10:22:56,453,2,0,0,0,0,0,0.0,0.0,0,0,0.0,0.0,0.0,4415.011038,453.0,0.0,453.0,453.0,453.0,453.0,0.0,453.0,453.0,0.0,0.0,0.0,0.0,0.0,0,0,0,0,40,0,4415.011038,0.0,0,0,0.0,0.0,0.0,0,0,0,0,1,0,0,0,0,0.0,0.0,0.0,0,0,0,0,0,0,2,0,0,0,2052,-1,0,20,0.0,0.0,0.0,0.0,0.0,0.0,0.0,0.0,Bot
8080,6,02/03/2018 10:22:58,10668,3,4,326,129,326,0,108.6666667,188.2161878,112,0,32.25,53.7672453,42650.91864,656.167979,1778.0,3923.058603,9777.0,22.0,521.0,260.5,307.5914498,478.0,43.0,10212.0,3404.0,5522.535921,9777.0,25.0,0,0,0,0,72,92,281.2148481,374.9531309,0,326,56.875,115.4066568,13318.69643,0,0,1,1,0,0,0,1,1,65.0,108.6666667,32.25,0,0,0,0,0,0,3,326,4,129,8192,219,1,20,0.0,0.0,0.0,0.0,0.0,0.0,0.0,0.0,Bot
8080,6,02/03/2018 10:22:58,481,2,0,0,0,0,0,0.0,0.0,0,0,0.0,0.0,0.0,4158.004158,481.0,0.0,481.0,481.0,481.0,481.0,0.0,481.0,481.0,0.0,0.0,0.0,0.0,0.0,0,0,0,0,40,0,4158.004158,0.0,0,0,0.0,0.0,0.0,0,0,0,0,1,0,0,0,0,0.0,0.0,0.0,0,0,0,0,0,0,2,0,0,0,2052,-1,0,20,0.0,0.0,0.0,0.0,0.0,0.0,0.0,0.0,Bot
8080,6,02/03/2018 10:23:00,10259,3,4,326,129,326,0,108.6666667,188.2161878,112,0,32.25,53.7672453,44351.3013,682.3277123,1709.833333,3751.65571,9359.0,22.0,572.0,286.0,329.51176,519.0,53.0,9762.0,3254.0,5288.925127,9359.0,62.0,0,0,0,0,72,92,292.4261624,389.9015499,0,326,56.875,115.4066568,13318.69643,0,0,1,1,0,0,0,1,1,65.0,108.6666667,32.25,0,0,0,0,0,0,3,326,4,129,8192,219,1,20,0.0,0.0,0.0,0.0,0.0,0.0,0.0,0.0,Bot
8080,6,02/03/2018 10:23:00,462,2,0,0,0,0,0,0.0,0.0,0,0,0.0,0.0,0.0,4329.004329,462.0,0.0,462.0,462.0,462.0,462.0,0.0,462.0,462.0,0.0,0.0,0.0,0.0,0.0,0,0,0,0,40,0,4329.004329,0.0,0,0,0.0,0.0,0.0,0,0,0,0,1,0,0,0,0,0.0,0.0,0.0,0,0,0,0,0,0,2,0,0,0,2052,-1,0,20,0.0,0.0,0.0,0.0,0.0,0.0,0.0,0.0,Bot
8080,6,02/03/2018 10:23:02,10363,3,4,326,129,326,0,108.6666667,188.2161878,112,0,32.25,53.7672453,43906.20477,675.4800733,1727.166667,3769.346331,9409.0,0.0,611.0,305.5,358.5031381,559.0,52.0,9826.0,3275.333333,5316.001536,9409.0,0.0,0,0,0,0,72,92,289.49146,385.9886133,0,326,56.875,115.4066568,13318.69643,0,0,1,1,0,0,0,1,1,65.0,108.6666667,32.25,0,0,0,0,0,0,3,326,4,129,8192,219,1,20,0.0,0.0,0.0,0.0,0.0,0.0,0.0,0.0,Bot
8080,6,02/03/2018 10:23:02,657,2,0,0,0,0,0,0.0,0.0,0,0,0.0,0.0,0.0,3044.14003,657.0,0.0,657.0,657.0,657.0,657.0,0.0,657.0,657.0,0.0,0.0,0.0,0.0,0.0,0,0,0,0,40,0,3044.14003,0.0,0,0,0.0,0.0,0.0,0,0,0,0,1,0,0,0,0,0.0,0.0,0.0,0,0,0,0,0,0,2,0,0,0,2052,-1,0,20,0.0,0.0,0.0,0.0,0.0,0.0,0.0,0.0,Bot
8080,6,02/03/2018 10:23:04,10727,3,4,326,129,326,0,108.6666667,188.2161878,112,0,32.25,53.7672453,42416.33262,652.5589634,1787.833333,3919.799557,9777.0,1.0,647.0,323.5,369.8168466,585.0,62.0,10164.0,3388.0,5536.383928,9777.0,1.0,0,0,0,0,72,92,279.6681272,372.8908362,0,326,56.875,115.4066568,13318.69643,0,0,1,1,0,0,0,1,1,65.0,108.6666667,32.25,0,0,0,0,0,0,3,326,4,129,8192,219,1,20,0.0,0.0,0.0,0.0,0.0,0.0,0.0,0.0,Bot
8080,6,02/03/2018 10:23:04,488,2,0,0,0,0,0,0.0,0.0,0,0,0.0,0.0,0.0,4098.360656,488.0,0.0,488.0,488.0,488.0,488.0,0.0,488.0,488.0,0.0,0.0,0.0,0.0,0.0,0,0,0,0,40,0,4098.360656,0.0,0,0,0.0,0.0,0.0,0,0,0,0,1,0,0,0,0,0.0,0.0,0.0,0,0,0,0,0,0,2,0,0,0,2052,-1,0,20,0.0,0.0,0.0,0.0,0.0,0.0,0.0,0.0,Bot
8080,6,02/03/2018 10:23:06,10671,3,4,326,129,326,0,108.6666667,188.2161878,112,0,32.25,53.7672453,42638.92794,655.9835067,1778.5,3840.852549,9602.0,1.0,699.0,349.5,426.3853891,651.0,48.0,10037.0,3345.666667,5422.467366,9602.0,1.0,0,0,0,0,72,92,281.1357886,374.8477181,0,326,56.875,115.4066568,13318.69643,0,0,1,1,0,0,0,1,1,65.0,108.6666667,32.25,0,0,0,0,0,0,3,326,4,129,8192,219,1,20,0.0,0.0,0.0,0.0,0.0,0.0,0.0,0.0,Bot
8080,6,02/03/2018 10:23:06,464,2,0,0,0,0,0,0.0,0.0,0,0,0.0,0.0,0.0,4310.344828,464.0,0.0,464.0,464.0,464.0,464.0,0.0,464.0,464.0,0.0,0.0,0.0,0.0,0.0,0,0,0,0,40,0,4310.344828,0.0,0,0,0.0,0.0,0.0,0,0,0,0,1,0,0,0,0,0.0,0.0,0.0,0,0,0,0,0,0,2,0,0,0,2052,-1,0,20,0.0,0.0,0.0,0.0,0.0,0.0,0.0,0.0,Bot
8080,6,02/03/2018 10:23:08,10902,3,4,326,129,326,0,108.6666667,188.2161878,112,0,32.25,53.7672453,41735.46138,642.0840213,1817.0,3830.447389,9616.0,18.0,624.0,312.0,379.0092347,580.0,44.0,10340.0,3446.666667,5352.31411,9616.0,43.0,0,0,0,0,72,92,275.1788663,366.905155,0,326,56.875,115.4066568,13318.69643,0,0,1,1,0,0,0,1,1,65.0,108.6666667,32.25,0,0,0,0,0,0,3,326,4,129,8192,219,1,20,0.0,0.0,0.0,0.0,0.0,0.0,0.0,0.0,Bot
8080,6,02/03/2018 10:23:08,463,2,0,0,0,0,0,0.0,0.0,0,0,0.0,0.0,0.0,4319.654428,463.0,0.0,463.0,463.0,463.0,463.0,0.0,463.0,463.0,0.0,0.0,0.0,0.0,0.0,0,0,0,0,40,0,4319.654428,0.0,0,0,0.0,0.0,0.0,0,0,0,0,1,0,0,0,0,0.0,0.0,0.0,0,0,0,0,0,0,2,0,0,0,2052,-1,0,20,0.0,0.0,0.0,0.0,0.0,0.0,0.0,0.0,Bot
8080,6,02/03/2018 10:23:10,11370,3,4,326,129,326,0,108.6666667,188.2161878,112,0,32.25,53.7672453,40017.59015,615.6552331,1895.0,4055.609892,10157.0,19.0,683.0,341.5,424.9711755,642.0,41.0,10747.0,3582.333333,5699.011347,10157.0,52.0,0,0,0,0,72,92,263.8522427,351.8029903,0,326,56.875,115.4066568,13318.69643,0,0,1,1,0,0,0,1,1,65.0,108.6666667,32.25,0,0,0,0,0,0,3,326,4,129,8192,219,1,20,0.0,0.0,0.0,0.0,0.0,0.0,0.0,0.0,Bot
8080,6,02/03/2018 10:23:10,455,2,0,0,0,0,0,0.0,0.0,0,0,0.0,0.0,0.0,4395.604396,455.0,0.0,455.0,455.0,455.0,455.0,0.0,455.0,455.0,0.0,0.0,0.0,0.0,0.0,0,0,0,0,40,0,4395.604396,0.0,0,0,0.0,0.0,0.0,0,0,0,0,1,0,0,0,0,0.0,0.0,0.0,0,0,0,0,0,0,2,0,0,0,2052,-1,0,20,0.0,0.0,0.0,0.0,0.0,0.0,0.0,0.0,Bot
8080,6,02/03/2018 10:23:12,10850,3,4,326,129,326,0,108.6666667,188.2161878,112,0,32.25,53.7672453,41935.48387,645.1612903,1808.333333,4021.365722,10010.0,17.0,493.0,246.5,279.3071786,444.0,49.0,10423.0,3474.333333,5662.300269,10010.0,47.0,0,0,0,0,72,92,276.4976959,368.6635945,0,326,56.875,115.4066568,13318.69643,0,0,1,1,0,0,0,1,1,65.0,108.6666667,32.25,0,0,0,0,0,0,3,326,4,129,8192,219,1,20,0.0,0.0,0.0,0.0,0.0,0.0,0.0,0.0,Bot
8080,6,02/03/2018 10:23:12,449,2,0,0,0,0,0,0.0,0.0,0,0,0.0,0.0,0.0,4454.342984,449.0,0.0,449.0,449.0,449.0,449.0,0.0,449.0,449.0,0.0,0.0,0.0,0.0,0.0,0,0,0,0,40,0,4454.342984,0.0,0,0,0.0,0.0,0.0,0,0,0,0,1,0,0,0,0,0.0,0.0,0.0,0,0,0,0,0,0,2,0,0,0,2052,-1,0,20,0.0,0.0,0.0,0.0,0.0,0.0,0.0,0.0,Bot
8080,6,02/03/2018 10:23:14,10672,3,4,326,129,326,0,108.6666667,188.2161878,112,0,32.25,53.7672453,42634.93253,655.922039,1778.666667,3851.932485,9627.0,14.0,662.0,331.0,397.394011,612.0,50.0,10080.0,3360.0,5431.539653,9627.0,14.0,0,0,0,0,72,92,281.1094453,374.8125937,0,326,56.875,115.4066568,13318.69643,0,0,1,1,0,0,0,1,1,65.0,108.6666667,32.25,0,0,0,0,0,0,3,326,4,129,8192,219,1,20,0.0,0.0,0.0,0.0,0.0,0.0,0.0,0.0,Bot
8080,6,02/03/2018 10:23:14,489,2,0,0,0,0,0,0.0,0.0,0,0,0.0,0.0,0.0,4089.97955,489.0,0.0,489.0,489.0,489.0,489.0,0.0,489.0,489.0,0.0,0.0,0.0,0.0,0.0,0,0,0,0,40,0,4089.97955,0.0,0,0,0.0,0.0,0.0,0,0,0,0,1,0,0,0,0,0.0,0.0,0.0,0,0,0,0,0,0,2,0,0,0,2052,-1,0,20,0.0,0.0,0.0,0.0,0.0,0.0,0.0,0.0,Bot
8080,6,02/03/2018 10:23:16,10466,3,4,326,129,326,0,108.6666667,188.2161878,112,0,32.25,53.7672453,43474.10663,668.8324097,1744.333333,3874.196983,9645.0,21.0,526.0,263.0,298.3990617,474.0,52.0,10013.0,3337.666667,5464.342717,9645.0,35.0,0,0,0,0,72,92,286.6424613,382.1899484,0,326,56.875,115.4066568,13318.69643,0,0,1,1,0,0,0,1,1,65.0,108.6666667,32.25,0,0,0,0,0,0,3,326,4,129,8192,219,1,20,0.0,0.0,0.0,0.0,0.0,0.0,0.0,0.0,Bot
8080,6,02/03/2018 10:23:16,484,2,0,0,0,0,0,0.0,0.0,0,0,0.0,0.0,0.0,4132.231405,484.0,0.0,484.0,484.0,484.0,484.0,0.0,484.0,484.0,0.0,0.0,0.0,0.0,0.0,0,0,0,0,40,0,4132.231405,0.0,0,0,0.0,0.0,0.0,0,0,0,0,1,0,0,0,0,0.0,0.0,0.0,0,0,0,0,0,0,2,0,0,0,2052,-1,0,20,0.0,0.0,0.0,0.0,0.0,0.0,0.0,0.0,Bot
8080,6,02/03/2018 10:23:18,10114,3,4,326,129,326,0,108.6666667,188.2161878,112,0,32.25,53.7672453,44987.14653,692.1099466,1685.666667,3736.888206,9306.0,20.0,516.0,258.0,291.3279938,464.0,52.0,9670.0,3223.333333,5269.879062,9306.0,32.0,0,0,0,0,72,92,296.6185485,395.4913981,0,326,56.875,115.4066568,13318.69643,0,0,1,1,0,0,0,1,1,65.0,108.6666667,32.25,0,0,0,0,0,0,3,326,4,129,8192,219,1,20,0.0,0.0,0.0,0.0,0.0,0.0,0.0,0.0,Bot
8080,6,02/03/2018 10:23:18,461,2,0,0,0,0,0,0.0,0.0,0,0,0.0,0.0,0.0,4338.394794,461.0,0.0,461.0,461.0,461.0,461.0,0.0,461.0,461.0,0.0,0.0,0.0,0.0,0.0,0,0,0,0,40,0,4338.394794,0.0,0,0,0.0,0.0,0.0,0,0,0,0,1,0,0,0,0,0.0,0.0,0.0,0,0,0,0,0,0,2,0,0,0,2052,-1,0,20,0.0,0.0,0.0,0.0,0.0,0.0,0.0,0.0,Bot
8080,6,02/03/2018 10:23:20,10870,3,4,326,129,326,0,108.6666667,188.2161878,112,0,32.25,53.7672453,41858.32567,643.974241,1811.666667,3937.699768,9835.0,1.0,644.0,322.0,395.9797975,602.0,42.0,10288.0,3429.333333,5552.051363,9835.0,1.0,0,0,0,0,72,92,275.9889604,367.9852806,0,326,56.875,115.4066568,13318.69643,0,0,1,1,0,0,0,1,1,65.0,108.6666667,32.25,0,0,0,0,0,0,3,326,4,129,8192,219,1,20,0.0,0.0,0.0,0.0,0.0,0.0,0.0,0.0,Bot
8080,6,02/03/2018 10:23:20,498,2,0,0,0,0,0,0.0,0.0,0,0,0.0,0.0,0.0,4016.064257,498.0,0.0,498.0,498.0,498.0,498.0,0.0,498.0,498.0,0.0,0.0,0.0,0.0,0.0,0,0,0,0,40,0,4016.064257,0.0,0,0,0.0,0.0,0.0,0,0,0,0,1,0,0,0,0,0.0,0.0,0.0,0,0,0,0,0,0,2,0,0,0,2052,-1,0,20,0.0,0.0,0.0,0.0,0.0,0.0,0.0,0.0,Bot
8080,6,02/03/2018 10:23:22,10553,3,4,326,129,326,0,108.6666667,188.2161878,112,0,32.25,53.7672453,43115.7017,663.3184876,1758.833333,3882.463363,9674.0,1.0,565.0,282.5,324.5620126,512.0,53.0,10062.0,3354.0,5476.682299,9674.0,1.0,0,0,0,0,72,92,284.2793518,379.0391358,0,326,56.875,115.4066568,13318.69643,0,0,1,1,0,0,0,1,1,65.0,108.6666667,32.25,0,0,0,0,0,0,3,326,4,129,8192,219,1,20,0.0,0.0,0.0,0.0,0.0,0.0,0.0,0.0,Bot
8080,6,02/03/2018 10:23:22,477,2,0,0,0,0,0,0.0,0.0,0,0,0.0,0.0,0.0,4192.872117,477.0,0.0,477.0,477.0,477.0,477.0,0.0,477.0,477.0,0.0,0.0,0.0,0.0,0.0,0,0,0,0,40,0,4192.872117,0.0,0,0,0.0,0.0,0.0,0,0,0,0,1,0,0,0,0,0.0,0.0,0.0,0,0,0,0,0,0,2,0,0,0,2052,-1,0,20,0.0,0.0,0.0,0.0,0.0,0.0,0.0,0.0,Bot
8080,6,02/03/2018 10:23:24,10530,3,4,326,129,326,0,108.6666667,188.2161878,112,0,32.25,53.7672453,43209.87654,664.7673314,1755.0,3824.43873,9549.0,13.0,636.0,318.0,374.766594,583.0,53.0,9969.0,3323.0,5395.471805,9549.0,13.0,0,0,0,0,72,92,284.9002849,379.8670465,0,326,56.875,115.4066568,13318.69643,0,0,1,1,0,0,0,1,1,65.0,108.6666667,32.25,0,0,0,0,0,0,3,326,4,129,8192,219,1,20,0.0,0.0,0.0,0.0,0.0,0.0,0.0,0.0,Bot
8080,6,02/03/2018 10:23:24,475,2,0,0,0,0,0,0.0,0.0,0,0,0.0,0.0,0.0,4210.526316,475.0,0.0,475.0,475.0,475.0,475.0,0.0,475.0,475.0,0.0,0.0,0.0,0.0,0.0,0,0,0,0,40,0,4210.526316,0.0,0,0,0.0,0.0,0.0,0,0,0,0,1,0,0,0,0,0.0,0.0,0.0,0,0,0,0,0,0,2,0,0,0,2052,-1,0,20,0.0,0.0,0.0,0.0,0.0,0.0,0.0,0.0,Bot
8080,6,02/03/2018 10:23:26,11289,3,4,326,129,326,0,108.6666667,188.2161878,112,0,32.25,53.7672453,40304.72141,620.0726371,1881.5,4145.046333,10332.0,1.0,549.0,274.5,317.4909448,499.0,50.0,10811.0,3603.666667,5831.786547,10332.0,1.0,0,0,0,0,72,92,265.7454159,354.3272212,0,326,56.875,115.4066568,13318.69643,0,0,1,1,0,0,0,1,1,65.0,108.6666667,32.25,0,0,0,0,0,0,3,326,4,129,8192,219,1,20,0.0,0.0,0.0,0.0,0.0,0.0,0.0,0.0,Bot
8080,6,02/03/2018 10:23:26,490,2,0,0,0,0,0,0.0,0.0,0,0,0.0,0.0,0.0,4081.632653,490.0,0.0,490.0,490.0,490.0,490.0,0.0,490.0,490.0,0.0,0.0,0.0,0.0,0.0,0,0,0,0,40,0,4081.632653,0.0,0,0,0.0,0.0,0.0,0,0,0,0,1,0,0,0,0,0.0,0.0,0.0,0,0,0,0,0,0,2,0,0,0,2052,-1,0,20,0.0,0.0,0.0,0.0,0.0,0.0,0.0,0.0,Bot
8080,6,02/03/2018 10:23:28,10677,3,4,326,129,326,0,108.6666667,188.2161878,112,0,32.25,53.7672453,42614.96675,655.6148731,1779.5,3921.846134,9774.0,1.0,600.0,300.0,352.139177,549.0,51.0,10149.0,3383.0,5537.909624,9774.0,1.0,0,0,0,0,72,92,280.9778028,374.6370703,0,326,56.875,115.4066568,13318.69643,0,0,1,1,0,0,0,1,1,65.0,108.6666667,32.25,0,0,0,0,0,0,3,326,4,129,8192,219,1,20,0.0,0.0,0.0,0.0,0.0,0.0,0.0,0.0,Bot
8080,6,02/03/2018 10:23:28,487,2,0,0,0,0,0,0.0,0.0,0,0,0.0,0.0,0.0,4106.776181,487.0,0.0,487.0,487.0,487.0,487.0,0.0,487.0,487.0,0.0,0.0,0.0,0.0,0.0,0,0,0,0,40,0,4106.776181,0.0,0,0,0.0,0.0,0.0,0,0,0,0,1,0,0,0,0,0.0,0.0,0.0,0,0,0,0,0,0,2,0,0,0,2052,-1,0,20,0.0,0.0,0.0,0.0,0.0,0.0,0.0,0.0,Bot
8080,6,02/03/2018 10:23:30,11622,3,4,326,129,326,0,108.6666667,188.2161878,112,0,32.25,53.7672453,39149.88814,602.3059714,1937.0,4292.183733,10690.0,21.0,514.0,257.0,292.7422074,464.0,50.0,11179.0,3726.333333,6034.49023,10690.0,31.0,0,0,0,0,72,92,258.1311306,344.1748408,0,326,56.875,115.4066568,13318.69643,0,0,1,1,0,0,0,1,1,65.0,108.6666667,32.25,0,0,0,0,0,0,3,326,4,129,8192,219,1,20,0.0,0.0,0.0,0.0,0.0,0.0,0.0,0.0,Bot
8080,6,02/03/2018 10:23:30,470,2,0,0,0,0,0,0.0,0.0,0,0,0.0,0.0,0.0,4255.319149,470.0,0.0,470.0,470.0,470.0,470.0,0.0,470.0,470.0,0.0,0.0,0.0,0.0,0.0,0,0,0,0,40,0,4255.319149,0.0,0,0,0.0,0.0,0.0,0,0,0,0,1,0,0,0,0,0.0,0.0,0.0,0,0,0,0,0,0,2,0,0,0,2052,-1,0,20,0.0,0.0,0.0,0.0,0.0,0.0,0.0,0.0,Bot
8080,6,02/03/2018 10:23:32,10567,3,4,326,129,326,0,108.6666667,188.2161878,112,0,32.25,53.7672453,43058.57859,662.4396707,1761.166667,3894.939918,9703.0,16.0,560.0,280.0,313.9554108,502.0,58.0,10081.0,3360.333333,5495.153713,9703.0,32.0,0,0,0,0,72,92,283.902716,378.5369547,0,326,56.875,115.4066568,13318.69643,0,0,1,1,0,0,0,1,1,65.0,108.6666667,32.25,0,0,0,0,0,0,3,326,4,129,8192,219,1,20,0.0,0.0,0.0,0.0,0.0,0.0,0.0,0.0,Bot
8080,6,02/03/2018 10:23:32,486,2,0,0,0,0,0,0.0,0.0,0,0,0.0,0.0,0.0,4115.226337,486.0,0.0,486.0,486.0,486.0,486.0,0.0,486.0,486.0,0.0,0.0,0.0,0.0,0.0,0,0,0,0,40,0,4115.226337,0.0,0,0,0.0,0.0,0.0,0,0,0,0,1,0,0,0,0,0.0,0.0,0.0,0,0,0,0,0,0,2,0,0,0,2052,-1,0,20,0.0,0.0,0.0,0.0,0.0,0.0,0.0,0.0,Bot
8080,6,02/03/2018 10:23:34,10345,3,4,326,129,326,0,108.6666667,188.2161878,112,0,32.25,53.7672453,43982.60029,676.6553891,1724.166667,3801.650716,9475.0,1.0,536.0,268.0,295.5706345,477.0,59.0,9888.0,3296.0,5355.115405,9475.0,1.0,0,0,0,0,72,92,289.9951667,386.6602223,0,326,56.875,115.4066568,13318.69643,0,0,1,1,0,0,0,1,1,65.0,108.6666667,32.25,0,0,0,0,0,0,3,326,4,129,8192,219,1,20,0.0,0.0,0.0,0.0,0.0,0.0,0.0,0.0,Bot
8080,6,02/03/2018 10:23:34,480,2,0,0,0,0,0,0.0,0.0,0,0,0.0,0.0,0.0,4166.666667,480.0,0.0,480.0,480.0,480.0,480.0,0.0,480.0,480.0,0.0,0.0,0.0,0.0,0.0,0,0,0,0,40,0,4166.666667,0.0,0,0,0.0,0.0,0.0,0,0,0,0,1,0,0,0,0,0.0,0.0,0.0,0,0,0,0,0,0,2,0,0,0,2052,-1,0,20,0.0,0.0,0.0,0.0,0.0,0.0,0.0,0.0,Bot
8080,6,02/03/2018 10:23:36,11013,3,4,326,129,326,0,108.6666667,188.2161878,112,0,32.25,53.7672453,41314.80977,635.612458,1835.5,4020.673613,10034.0,20.0,640.0,320.0,295.5706345,529.0,111.0,10504.0,3501.333333,5660.780541,10034.0,41.0,0,0,0,0,72,92,272.4053391,363.2071189,0,326,56.875,115.4066568,13318.69643,0,0,1,1,0,0,0,1,1,65.0,108.6666667,32.25,0,0,0,0,0,0,3,326,4,129,8192,219,1,20,0.0,0.0,0.0,0.0,0.0,0.0,0.0,0.0,Bot
8080,6,02/03/2018 10:23:36,651,2,0,0,0,0,0,0.0,0.0,0,0,0.0,0.0,0.0,3072.196621,651.0,0.0,651.0,651.0,651.0,651.0,0.0,651.0,651.0,0.0,0.0,0.0,0.0,0.0,0,0,0,0,40,0,3072.196621,0.0,0,0,0.0,0.0,0.0,0,0,0,0,1,0,0,0,0,0.0,0.0,0.0,0,0,0,0,0,0,2,0,0,0,2052,-1,0,20,0.0,0.0,0.0,0.0,0.0,0.0,0.0,0.0,Bot
8080,6,02/03/2018 10:23:38,10619,3,4,326,129,326,0,108.6666667,188.2161878,112,0,32.25,53.7672453,42847.72577,659.1957811,1769.833333,3939.677876,9805.0,21.0,503.0,251.5,283.5498193,452.0,51.0,10188.0,3396.0,5552.263592,9805.0,46.0,0,0,0,0,72,92,282.5124776,376.6833035,0,326,56.875,115.4066568,13318.69643,0,0,1,1,0,0,0,1,1,65.0,108.6666667,32.25,0,0,0,0,0,0,3,326,4,129,8192,219,1,20,0.0,0.0,0.0,0.0,0.0,0.0,0.0,0.0,Bot
8080,6,02/03/2018 10:23:38,480,2,0,0,0,0,0,0.0,0.0,0,0,0.0,0.0,0.0,4166.666667,480.0,0.0,480.0,480.0,480.0,480.0,0.0,480.0,480.0,0.0,0.0,0.0,0.0,0.0,0,0,0,0,40,0,4166.666667,0.0,0,0,0.0,0.0,0.0,0,0,0,0,1,0,0,0,0,0.0,0.0,0.0,0,0,0,0,0,0,2,0,0,0,2052,-1,0,20,0.0,0.0,0.0,0.0,0.0,0.0,0.0,0.0,Bot
8080,6,02/03/2018 10:23:40,10818,3,4,326,129,326,0,108.6666667,188.2161878,112,0,32.25,53.7672453,42059.53041,647.0696987,1803.0,4013.178142,9987.0,15.0,526.0,263.0,298.3990617,474.0,52.0,10365.0,3455.0,5659.553339,9987.0,15.0,0,0,0,0,72,92,277.3155851,369.7541135,0,326,56.875,115.4066568,13318.69643,0,0,1,1,0,0,0,1,1,65.0,108.6666667,32.25,0,0,0,0,0,0,3,326,4,129,8192,219,1,20,0.0,0.0,0.0,0.0,0.0,0.0,0.0,0.0,Bot
8080,6,02/03/2018 10:23:40,510,2,0,0,0,0,0,0.0,0.0,0,0,0.0,0.0,0.0,3921.568627,510.0,0.0,510.0,510.0,510.0,510.0,0.0,510.0,510.0,0.0,0.0,0.0,0.0,0.0,0,0,0,0,40,0,3921.568627,0.0,0,0,0.0,0.0,0.0,0,0,0,0,1,0,0,0,0,0.0,0.0,0.0,0,0,0,0,0,0,2,0,0,0,2052,-1,0,20,0.0,0.0,0.0,0.0,0.0,0.0,0.0,0.0,Bot
8080,6,02/03/2018 10:23:42,10433,3,4,326,129,326,0,108.6666667,188.2161878,112,0,32.25,53.7672453,43611.61698,670.9479536,1738.833333,3799.616371,9484.0,21.0,598.0,299.0,349.3107499,546.0,52.0,9908.0,3302.666667,5356.150234,9484.0,34.0,0,0,0,0,72,92,287.549123,383.3988306,0,326,56.875,115.4066568,13318.69643,0,0,1,1,0,0,0,1,1,65.0,108.6666667,32.25,0,0,0,0,0,0,3,326,4,129,8192,219,1,20,0.0,0.0,0.0,0.0,0.0,0.0,0.0,0.0,Bot
8080,6,02/03/2018 10:23:42,459,2,0,0,0,0,0,0.0,0.0,0,0,0.0,0.0,0.0,4357.298475,459.0,0.0,459.0,459.0,459.0,459.0,0.0,459.0,459.0,0.0,0.0,0.0,0.0,0.0,0,0,0,0,40,0,4357.298475,0.0,0,0,0.0,0.0,0.0,0,0,0,0,1,0,0,0,0,0.0,0.0,0.0,0,0,0,0,0,0,2,0,0,0,2052,-1,0,20,0.0,0.0,0.0,0.0,0.0,0.0,0.0,0.0,Bot
8080,6,02/03/2018 10:23:44,10401,3,4,326,129,326,0,108.6666667,188.2161878,112,0,32.25,53.7672453,43745.79367,673.0122104,1733.5,3807.074717,9493.0,1.0,615.0,307.5,361.3315652,563.0,52.0,9859.0,3286.333333,5378.211351,9493.0,1.0,0,0,0,0,72,92,288.4338044,384.5784059,0,326,56.875,115.4066568,13318.69643,0,0,1,1,0,0,0,1,1,65.0,108.6666667,32.25,0,0,0,0,0,0,3,326,4,129,8192,219,1,20,0.0,0.0,0.0,0.0,0.0,0.0,0.0,0.0,Bot
8080,6,02/03/2018 10:23:44,478,2,0,0,0,0,0,0.0,0.0,0,0,0.0,0.0,0.0,4184.100418,478.0,0.0,478.0,478.0,478.0,478.0,0.0,478.0,478.0,0.0,0.0,0.0,0.0,0.0,0,0,0,0,40,0,4184.100418,0.0,0,0,0.0,0.0,0.0,0,0,0,0,1,0,0,0,0,0.0,0.0,0.0,0,0,0,0,0,0,2,0,0,0,2052,-1,0,20,0.0,0.0,0.0,0.0,0.0,0.0,0.0,0.0,Bot
8080,6,02/03/2018 10:23:46,10912,3,4,326,129,326,0,108.6666667,188.2161878,112,0,32.25,53.7672453,41697.21408,641.4956012,1818.666667,4035.967278,10048.0,15.0,572.0,286.0,330.9259736,520.0,52.0,10414.0,3471.333333,5698.037586,10048.0,15.0,0,0,0,0,72,92,274.9266862,366.568915,0,326,56.875,115.4066568,13318.69643,0,0,1,1,0,0,0,1,1,65.0,108.6666667,32.25,0,0,0,0,0,0,3,326,4,129,8192,219,1,20,0.0,0.0,0.0,0.0,0.0,0.0,0.0,0.0,Bot
8080,6,02/03/2018 10:23:46,493,2,0,0,0,0,0,0.0,0.0,0,0,0.0,0.0,0.0,4056.795132,493.0,0.0,493.0,493.0,493.0,493.0,0.0,493.0,493.0,0.0,0.0,0.0,0.0,0.0,0,0,0,0,40,0,4056.795132,0.0,0,0,0.0,0.0,0.0,0,0,0,0,1,0,0,0,0,0.0,0.0,0.0,0,0,0,0,0,0,2,0,0,0,2052,-1,0,20,0.0,0.0,0.0,0.0,0.0,0.0,0.0,0.0,Bot
8080,6,02/03/2018 10:23:48,10606,3,4,326,129,326,0,108.6666667,188.2161878,112,0,32.25,53.7672453,42900.24514,660.0037715,1767.666667,3881.399936,9679.0,1.0,614.0,307.0,359.2102448,561.0,53.0,10067.0,3355.666667,5479.567258,9679.0,1.0,0,0,0,0,72,92,282.8587592,377.1450123,0,326,56.875,115.4066568,13318.69643,0,0,1,1,0,0,0,1,1,65.0,108.6666667,32.25,0,0,0,0,0,0,3,326,4,129,8192,219,1,20,0.0,0.0,0.0,0.0,0.0,0.0,0.0,0.0,Bot
8080,6,02/03/2018 10:23:48,477,2,0,0,0,0,0,0.0,0.0,0,0,0.0,0.0,0.0,4192.872117,477.0,0.0,477.0,477.0,477.0,477.0,0.0,477.0,477.0,0.0,0.0,0.0,0.0,0.0,0,0,0,0,40,0,4192.872117,0.0,0,0,0.0,0.0,0.0,0,0,0,0,1,0,0,0,0,0.0,0.0,0.0,0,0,0,0,0,0,2,0,0,0,2052,-1,0,20,0.0,0.0,0.0,0.0,0.0,0.0,0.0,0.0,Bot
8080,6,02/03/2018 10:23:50,10484,3,4,326,129,326,0,108.6666667,188.2161878,112,0,32.25,53.7672453,43399.46585,667.68409,1747.333333,3859.235607,9615.0,1.0,593.0,296.5,348.6036431,543.0,50.0,9974.0,3324.666667,5450.512117,9615.0,1.0,0,0,0,0,72,92,286.1503243,381.5337657,0,326,56.875,115.4066568,13318.69643,0,0,1,1,0,0,0,1,1,65.0,108.6666667,32.25,0,0,0,0,0,0,3,326,4,129,8192,219,1,20,0.0,0.0,0.0,0.0,0.0,0.0,0.0,0.0,Bot
8080,6,02/03/2018 10:23:50,481,2,0,0,0,0,0,0.0,0.0,0,0,0.0,0.0,0.0,4158.004158,481.0,0.0,481.0,481.0,481.0,481.0,0.0,481.0,481.0,0.0,0.0,0.0,0.0,0.0,0,0,0,0,40,0,4158.004158,0.0,0,0,0.0,0.0,0.0,0,0,0,0,1,0,0,0,0,0.0,0.0,0.0,0,0,0,0,0,0,2,0,0,0,2052,-1,0,20,0.0,0.0,0.0,0.0,0.0,0.0,0.0,0.0,Bot
8080,6,02/03/2018 10:23:52,10816,3,4,326,129,326,0,108.6666667,188.2161878,112,0,32.25,53.7672453,42067.30769,647.1893491,1802.666667,3980.06134,9917.0,1.0,587.0,293.5,324.5620126,523.0,64.0,10312.0,3437.333333,5614.99531,9917.0,1.0,0,0,0,0,72,92,277.3668639,369.8224852,0,326,56.875,115.4066568,13318.69643,0,0,1,1,0,0,0,1,1,65.0,108.6666667,32.25,0,0,0,0,0,0,3,326,4,129,8192,219,1,20,0.0,0.0,0.0,0.0,0.0,0.0,0.0,0.0,Bot
8080,6,02/03/2018 10:23:52,500,2,0,0,0,0,0,0.0,0.0,0,0,0.0,0.0,0.0,4000.0,500.0,0.0,500.0,500.0,500.0,500.0,0.0,500.0,500.0,0.0,0.0,0.0,0.0,0.0,0,0,0,0,40,0,4000.0,0.0,0,0,0.0,0.0,0.0,0,0,0,0,1,0,0,0,0,0.0,0.0,0.0,0,0,0,0,0,0,2,0,0,0,2052,-1,0,20,0.0,0.0,0.0,0.0,0.0,0.0,0.0,0.0,Bot
8080,6,02/03/2018 10:23:54,10739,3,4,326,129,326,0,108.6666667,188.2161878,112,0,32.25,53.7672453,42368.93566,651.8297793,1789.833333,4008.219476,9965.0,15.0,485.0,242.5,270.8218972,434.0,51.0,10326.0,3442.0,5651.507498,9965.0,15.0,0,0,0,0,72,92,279.3556197,372.4741596,0,326,56.875,115.4066568,13318.69643,0,0,1,1,0,0,0,1,1,65.0,108.6666667,32.25,0,0,0,0,0,0,3,326,4,129,8192,219,1,20,0.0,0.0,0.0,0.0,0.0,0.0,0.0,0.0,Bot
8080,6,02/03/2018 10:23:54,489,2,0,0,0,0,0,0.0,0.0,0,0,0.0,0.0,0.0,4089.97955,489.0,0.0,489.0,489.0,489.0,489.0,0.0,489.0,489.0,0.0,0.0,0.0,0.0,0.0,0,0,0,0,40,0,4089.97955,0.0,0,0,0.0,0.0,0.0,0,0,0,0,1,0,0,0,0,0.0,0.0,0.0,0,0,0,0,0,0,2,0,0,0,2052,-1,0,20,0.0,0.0,0.0,0.0,0.0,0.0,0.0,0.0,Bot
8080,6,02/03/2018 10:23:56,10719,3,4,326,129,326,0,108.6666667,188.2161878,112,0,32.25,53.7672453,42447.98955,653.0459931,1786.5,3972.298264,9886.0,1.0,534.0,267.0,309.7127702,486.0,48.0,10249.0,3416.333333,5605.802381,9886.0,1.0,0,0,0,0,72,92,279.8768542,373.1691389,0,326,56.875,115.4066568,13318.69643,0,0,1,1,0,0,0,1,1,65.0,108.6666667,32.25,0,0,0,0,0,0,3,326,4,129,8192,219,1,20,0.0,0.0,0.0,0.0,0.0,0.0,0.0,0.0,Bot
8080,6,02/03/2018 10:23:56,488,2,0,0,0,0,0,0.0,0.0,0,0,0.0,0.0,0.0,4098.360656,488.0,0.0,488.0,488.0,488.0,488.0,0.0,488.0,488.0,0.0,0.0,0.0,0.0,0.0,0,0,0,0,40,0,4098.360656,0.0,0,0,0.0,0.0,0.0,0,0,0,0,1,0,0,0,0,0.0,0.0,0.0,0,0,0,0,0,0,2,0,0,0,256,-1,0,20,0.0,0.0,0.0,0.0,0.0,0.0,0.0,0.0,Bot
8080,6,02/03/2018 10:23:58,10655,3,4,326,129,326,0,108.6666667,188.2161878,112,0,32.25,53.7672453,42702.95636,656.9685594,1775.833333,3903.921025,9734.0,0.0,543.0,271.5,321.7335854,499.0,44.0,10177.0,3392.333333,5496.509286,9734.0,0.0,0,0,0,0,72,92,281.557954,375.4106053,0,326,56.875,115.4066568,13318.69643,0,0,1,1,0,0,0,1,1,65.0,108.6666667,32.25,0,0,0,0,0,0,3,326,4,129,8192,219,1,20,0.0,0.0,0.0,0.0,0.0,0.0,0.0,0.0,Bot
8080,6,02/03/2018 10:23:58,484,2,0,0,0,0,0,0.0,0.0,0,0,0.0,0.0,0.0,4132.231405,484.0,0.0,484.0,484.0,484.0,484.0,0.0,484.0,484.0,0.0,0.0,0.0,0.0,0.0,0,0,0,0,40,0,4132.231405,0.0,0,0,0.0,0.0,0.0,0,0,0,0,1,0,0,0,0,0.0,0.0,0.0,0,0,0,0,0,0,2,0,0,0,2052,-1,0,20,0.0,0.0,0.0,0.0,0.0,0.0,0.0,0.0,Bot
8080,6,02/03/2018 10:24:00,10496,3,4,326,129,326,0,108.6666667,188.2161878,112,0,32.25,53.7672453,43349.84756,666.9207317,1749.333333,3869.122312,9638.0,1.0,536.0,268.0,306.884343,485.0,51.0,10033.0,3344.333333,5454.016165,9638.0,1.0,0,0,0,0,72,92,285.8231707,381.097561,0,326,56.875,115.4066568,13318.69643,0,0,1,1,0,0,0,1,1,65.0,108.6666667,32.25,0,0,0,0,0,0,3,326,4,129,8192,219,1,20,0.0,0.0,0.0,0.0,0.0,0.0,0.0,0.0,Bot
8080,6,02/03/2018 10:24:00,491,2,0,0,0,0,0,0.0,0.0,0,0,0.0,0.0,0.0,4073.319756,491.0,0.0,491.0,491.0,491.0,491.0,0.0,491.0,491.0,0.0,0.0,0.0,0.0,0.0,0,0,0,0,40,0,4073.319756,0.0,0,0,0.0,0.0,0.0,0,0,0,0,1,0,0,0,0,0.0,0.0,0.0,0,0,0,0,0,0,2,0,0,0,2052,-1,0,20,0.0,0.0,0.0,0.0,0.0,0.0,0.0,0.0,Bot
8080,6,02/03/2018 10:24:02,10336,3,4,326,129,326,0,108.6666667,188.2161878,112,0,32.25,53.7672453,44020.89783,677.244582,1722.666667,3728.28849,9317.0,1.0,686.0,343.0,417.1930009,638.0,48.0,9714.0,3238.0,5268.271728,9317.0,1.0,0,0,0,0,72,92,290.247678,386.996904,0,326,56.875,115.4066568,13318.69643,0,0,1,1,0,0,0,1,1,65.0,108.6666667,32.25,0,0,0,0,0,0,3,326,4,129,8192,219,1,20,0.0,0.0,0.0,0.0,0.0,0.0,0.0,0.0,Bot
8080,6,02/03/2018 10:24:02,483,2,0,0,0,0,0,0.0,0.0,0,0,0.0,0.0,0.0,4140.786749,483.0,0.0,483.0,483.0,483.0,483.0,0.0,483.0,483.0,0.0,0.0,0.0,0.0,0.0,0,0,0,0,40,0,4140.786749,0.0,0,0,0.0,0.0,0.0,0,0,0,0,1,0,0,0,0,0.0,0.0,0.0,0,0,0,0,0,0,2,0,0,0,256,-1,0,20,0.0,0.0,0.0,0.0,0.0,0.0,0.0,0.0,Bot
8080,6,02/03/2018 10:24:04,10445,3,4,326,129,326,0,108.6666667,188.2161878,112,0,32.25,53.7672453,43561.51269,670.1771182,1740.833333,3879.302691,9652.0,15.0,512.0,256.0,288.4995667,460.0,52.0,10006.0,3335.333333,5472.792005,9652.0,15.0,0,0,0,0,72,92,287.218765,382.9583533,0,326,56.875,115.4066568,13318.69643,0,0,1,1,0,0,0,1,1,65.0,108.6666667,32.25,0,0,0,0,0,0,3,326,4,129,8192,219,1,20,0.0,0.0,0.0,0.0,0.0,0.0,0.0,0.0,Bot
8080,6,02/03/2018 10:24:04,492,2,0,0,0,0,0,0.0,0.0,0,0,0.0,0.0,0.0,4065.04065,492.0,0.0,492.0,492.0,492.0,492.0,0.0,492.0,492.0,0.0,0.0,0.0,0.0,0.0,0,0,0,0,40,0,4065.04065,0.0,0,0,0.0,0.0,0.0,0,0,0,0,1,0,0,0,0,0.0,0.0,0.0,0,0,0,0,0,0,2,0,0,0,2052,-1,0,20,0.0,0.0,0.0,0.0,0.0,0.0,0.0,0.0,Bot
8080,6,02/03/2018 10:24:06,10984,3,4,326,129,326,0,108.6666667,188.2161878,112,0,32.25,53.7672453,41423.88929,637.2906045,1830.666667,4081.388032,10154.0,1.0,500.0,250.0,278.6000718,447.0,53.0,10558.0,3519.333333,5749.304509,10154.0,1.0,0,0,0,0,72,92,273.1245448,364.1660597,0,326,56.875,115.4066568,13318.69643,0,0,1,1,0,0,0,1,1,65.0,108.6666667,32.25,0,0,0,0,0,0,3,326,4,129,8192,219,1,20,0.0,0.0,0.0,0.0,0.0,0.0,0.0,0.0,Bot
8080,6,02/03/2018 10:24:06,521,2,0,0,0,0,0,0.0,0.0,0,0,0.0,0.0,0.0,3838.771593,521.0,0.0,521.0,521.0,521.0,521.0,0.0,521.0,521.0,0.0,0.0,0.0,0.0,0.0,0,0,0,0,40,0,3838.771593,0.0,0,0,0.0,0.0,0.0,0,0,0,0,1,0,0,0,0,0.0,0.0,0.0,0,0,0,0,0,0,2,0,0,0,2052,-1,0,20,0.0,0.0,0.0,0.0,0.0,0.0,0.0,0.0,Bot
8080,6,02/03/2018 10:24:08,10709,3,4,326,129,326,0,108.6666667,188.2161878,112,0,32.25,53.7672453,42487.62723,653.6558035,1784.833333,3847.786762,9624.0,1.0,631.0,315.5,372.6452737,579.0,52.0,10151.0,3383.666667,5410.658586,9624.0,1.0,0,0,0,0,72,92,280.1382015,373.517602,0,326,56.875,115.4066568,13318.69643,0,0,1,1,0,0,0,1,1,65.0,108.6666667,32.25,0,0,0,0,0,0,3,326,4,129,8192,219,1,20,0.0,0.0,0.0,0.0,0.0,0.0,0.0,0.0,Bot
8080,6,02/03/2018 10:24:08,495,2,0,0,0,0,0,0.0,0.0,0,0,0.0,0.0,0.0,4040.40404,495.0,0.0,495.0,495.0,495.0,495.0,0.0,495.0,495.0,0.0,0.0,0.0,0.0,0.0,0,0,0,0,40,0,4040.40404,0.0,0,0,0.0,0.0,0.0,0,0,0,0,1,0,0,0,0,0.0,0.0,0.0,0,0,0,0,0,0,2,0,0,0,2052,-1,0,20,0.0,0.0,0.0,0.0,0.0,0.0,0.0,0.0,Bot
8080,6,02/03/2018 10:24:10,10635,3,4,326,129,326,0,108.6666667,188.2161878,112,0,32.25,53.7672453,42783.26281,658.2040433,1772.5,3873.183019,9666.0,1.0,653.0,326.5,388.2016229,601.0,52.0,10066.0,3355.333333,5468.819464,9666.0,1.0,0,0,0,0,72,92,282.0874471,376.1165961,0,326,56.875,115.4066568,13318.69643,0,0,1,1,0,0,0,1,1,65.0,108.6666667,32.25,0,0,0,0,0,0,3,326,4,129,8192,219,1,20,0.0,0.0,0.0,0.0,0.0,0.0,0.0,0.0,Bot
8080,6,02/03/2018 10:24:10,644,2,0,0,0,0,0,0.0,0.0,0,0,0.0,0.0,0.0,3105.590062,644.0,0.0,644.0,644.0,644.0,644.0,0.0,644.0,644.0,0.0,0.0,0.0,0.0,0.0,0,0,0,0,40,0,3105.590062,0.0,0,0,0.0,0.0,0.0,0,0,0,0,1,0,0,0,0,0.0,0.0,0.0,0,0,0,0,0,0,2,0,0,0,2052,-1,0,20,0.0,0.0,0.0,0.0,0.0,0.0,0.0,0.0,Bot
8080,6,02/03/2018 10:24:12,10438,3,4,326,129,326,0,108.6666667,188.2161878,112,0,32.25,53.7672453,43590.72619,670.6265568,1739.666667,3825.44265,9542.0,20.0,514.0,257.0,274.3574311,451.0,63.0,10007.0,3335.666667,5376.426353,9542.0,102.0,0,0,0,0,72,92,287.4113815,383.2151753,0,326,56.875,115.4066568,13318.69643,0,0,1,1,0,0,0,1,1,65.0,108.6666667,32.25,0,0,0,0,0,0,3,326,4,129,8192,219,1,20,0.0,0.0,0.0,0.0,0.0,0.0,0.0,0.0,Bot
8080,6,02/03/2018 10:24:12,469,2,0,0,0,0,0,0.0,0.0,0,0,0.0,0.0,0.0,4264.392324,469.0,0.0,469.0,469.0,469.0,469.0,0.0,469.0,469.0,0.0,0.0,0.0,0.0,0.0,0,0,0,0,40,0,4264.392324,0.0,0,0,0.0,0.0,0.0,0,0,0,0,1,0,0,0,0,0.0,0.0,0.0,0,0,0,0,0,0,2,0,0,0,2052,-1,0,20,0.0,0.0,0.0,0.0,0.0,0.0,0.0,0.0,Bot
8080,6,02/03/2018 10:24:14,12215,3,4,326,129,326,0,108.6666667,188.2161878,112,0,32.25,53.7672453,37249.28367,573.0659026,2035.833333,4570.40162,11358.0,20.0,553.0,276.5,304.7630227,492.0,61.0,11743.0,3914.333333,6448.632439,11358.0,23.0,0,0,0,0,72,92,245.5996725,327.46623,0,326,56.875,115.4066568,13318.69643,0,0,1,1,0,0,0,1,1,65.0,108.6666667,32.25,0,0,0,0,0,0,3,326,4,129,8192,219,1,20,0.0,0.0,0.0,0.0,0.0,0.0,0.0,0.0,Bot
8080,6,02/03/2018 10:24:14,472,2,0,0,0,0,0,0.0,0.0,0,0,0.0,0.0,0.0,4237.288136,472.0,0.0,472.0,472.0,472.0,472.0,0.0,472.0,472.0,0.0,0.0,0.0,0.0,0.0,0,0,0,0,40,0,4237.288136,0.0,0,0,0.0,0.0,0.0,0,0,0,0,1,0,0,0,0,0.0,0.0,0.0,0,0,0,0,0,0,2,0,0,0,2052,-1,0,20,0.0,0.0,0.0,0.0,0.0,0.0,0.0,0.0,Bot
8080,6,02/03/2018 10:24:16,10619,3,4,326,129,326,0,108.6666667,188.2161878,112,0,32.25,53.7672453,42847.72577,659.1957811,1769.833333,3947.238499,9819.0,14.0,532.0,266.0,306.884343,483.0,49.0,10153.0,3384.333333,5574.684774,9819.0,14.0,0,0,0,0,72,92,282.5124776,376.6833035,0,326,56.875,115.4066568,13318.69643,0,0,1,1,0,0,0,1,1,65.0,108.6666667,32.25,0,0,0,0,0,0,3,326,4,129,8192,219,1,20,0.0,0.0,0.0,0.0,0.0,0.0,0.0,0.0,Bot
8080,6,02/03/2018 10:24:16,495,2,0,0,0,0,0,0.0,0.0,0,0,0.0,0.0,0.0,4040.40404,495.0,0.0,495.0,495.0,495.0,495.0,0.0,495.0,495.0,0.0,0.0,0.0,0.0,0.0,0,0,0,0,40,0,4040.40404,0.0,0,0,0.0,0.0,0.0,0,0,0,0,1,0,0,0,0,0.0,0.0,0.0,0,0,0,0,0,0,2,0,0,0,2052,-1,0,20,0.0,0.0,0.0,0.0,0.0,0.0,0.0,0.0,Bot
8080,6,02/03/2018 10:24:18,10634,3,4,326,129,326,0,108.6666667,188.2161878,112,0,32.25,53.7672453,42787.28606,658.2659394,1772.333333,3859.9148,9638.0,1.0,640.0,320.0,379.0092347,588.0,52.0,10067.0,3355.666667,5444.847687,9638.0,1.0,0,0,0,0,72,92,282.113974,376.1519654,0,326,56.875,115.4066568,13318.69643,0,0,1,1,0,0,0,1,1,65.0,108.6666667,32.25,0,0,0,0,0,0,3,326,4,129,8192,219,1,20,0.0,0.0,0.0,0.0,0.0,0.0,0.0,0.0,Bot
8080,6,02/03/2018 10:24:18,498,2,0,0,0,0,0,0.0,0.0,0,0,0.0,0.0,0.0,4016.064257,498.0,0.0,498.0,498.0,498.0,498.0,0.0,498.0,498.0,0.0,0.0,0.0,0.0,0.0,0,0,0,0,40,0,4016.064257,0.0,0,0,0.0,0.0,0.0,0,0,0,0,1,0,0,0,0,0.0,0.0,0.0,0,0,0,0,0,0,2,0,0,0,2052,-1,0,20,0.0,0.0,0.0,0.0,0.0,0.0,0.0,0.0,Bot
8080,6,02/03/2018 10:24:20,10680,3,4,326,129,326,0,108.6666667,188.2161878,112,0,32.25,53.7672453,42602.99625,655.4307116,1780.0,3919.14113,9771.0,22.0,579.0,289.5,324.5620126,519.0,60.0,10183.0,3394.333333,5524.819756,9771.0,41.0,0,0,0,0,72,92,280.8988764,374.5318352,0,326,56.875,115.4066568,13318.69643,0,0,1,1,0,0,0,1,1,65.0,108.6666667,32.25,0,0,0,0,0,0,3,326,4,129,8192,219,1,20,0.0,0.0,0.0,0.0,0.0,0.0,0.0,0.0,Bot
8080,6,02/03/2018 10:24:20,473,2,0,0,0,0,0,0.0,0.0,0,0,0.0,0.0,0.0,4228.32981,473.0,0.0,473.0,473.0,473.0,473.0,0.0,473.0,473.0,0.0,0.0,0.0,0.0,0.0,0,0,0,0,40,0,4228.32981,0.0,0,0,0.0,0.0,0.0,0,0,0,0,1,0,0,0,0,0.0,0.0,0.0,0,0,0,0,0,0,2,0,0,0,2052,-1,0,20,0.0,0.0,0.0,0.0,0.0,0.0,0.0,0.0,Bot
8080,6,02/03/2018 10:24:22,10675,3,4,326,129,326,0,108.6666667,188.2161878,112,0,32.25,53.7672453,42622.95082,655.7377049,1779.166667,3886.087205,9703.0,21.0,528.0,264.0,301.2274888,477.0,51.0,10219.0,3406.333333,5456.143082,9703.0,75.0,0,0,0,0,72,92,281.030445,374.70726,0,326,56.875,115.4066568,13318.69643,0,0,1,1,0,0,0,1,1,65.0,108.6666667,32.25,0,0,0,0,0,0,3,326,4,129,8192,219,1,20,0.0,0.0,0.0,0.0,0.0,0.0,0.0,0.0,Bot
8080,6,02/03/2018 10:24:22,440,2,0,0,0,0,0,0.0,0.0,0,0,0.0,0.0,0.0,4545.454545,440.0,0.0,440.0,440.0,440.0,440.0,0.0,440.0,440.0,0.0,0.0,0.0,0.0,0.0,0,0,0,0,40,0,4545.454545,0.0,0,0,0.0,0.0,0.0,0,0,0,0,1,0,0,0,0,0.0,0.0,0.0,0,0,0,0,0,0,2,0,0,0,2052,-1,0,20,0.0,0.0,0.0,0.0,0.0,0.0,0.0,0.0,Bot
8080,6,02/03/2018 10:24:24,10728,3,4,326,129,326,0,108.6666667,188.2161878,112,0,32.25,53.7672453,42412.37882,652.4981357,1788.0,3831.601441,9590.0,20.0,800.0,400.0,493.5605333,749.0,51.0,9999.0,3333.0,5420.894668,9590.0,51.0,0,0,0,0,72,92,279.6420582,372.8560776,0,326,56.875,115.4066568,13318.69643,0,0,1,1,0,0,0,1,1,65.0,108.6666667,32.25,0,0,0,0,0,0,3,326,4,129,8192,219,1,20,0.0,0.0,0.0,0.0,0.0,0.0,0.0,0.0,Bot
8080,6,02/03/2018 10:24:24,460,2,0,0,0,0,0,0.0,0.0,0,0,0.0,0.0,0.0,4347.826087,460.0,0.0,460.0,460.0,460.0,460.0,0.0,460.0,460.0,0.0,0.0,0.0,0.0,0.0,0,0,0,0,40,0,4347.826087,0.0,0,0,0.0,0.0,0.0,0,0,0,0,1,0,0,0,0,0.0,0.0,0.0,0,0,0,0,0,0,2,0,0,0,2052,-1,0,20,0.0,0.0,0.0,0.0,0.0,0.0,0.0,0.0,Bot
8080,6,02/03/2018 10:24:26,10788,3,4,326,129,326,0,108.6666667,188.2161878,112,0,32.25,53.7672453,42176.4924,648.8691138,1798.0,3989.869522,9934.0,22.0,563.0,281.5,324.5620126,511.0,52.0,10299.0,3433.0,5631.885208,9934.0,38.0,0,0,0,0,72,92,278.0867631,370.7823508,0,326,56.875,115.4066568,13318.69643,0,0,1,1,0,0,0,1,1,65.0,108.6666667,32.25,0,0,0,0,0,0,3,326,4,129,8192,219,1,20,0.0,0.0,0.0,0.0,0.0,0.0,0.0,0.0,Bot
8080,6,02/03/2018 10:24:26,504,2,0,0,0,0,0,0.0,0.0,0,0,0.0,0.0,0.0,3968.253968,504.0,0.0,504.0,504.0,504.0,504.0,0.0,504.0,504.0,0.0,0.0,0.0,0.0,0.0,0,0,0,0,40,0,3968.253968,0.0,0,0,0.0,0.0,0.0,0,0,0,0,1,0,0,0,0,0.0,0.0,0.0,0,0,0,0,0,0,2,0,0,0,2052,-1,0,20,0.0,0.0,0.0,0.0,0.0,0.0,0.0,0.0,Bot
8080,6,02/03/2018 10:24:28,10188,3,4,326,129,326,0,108.6666667,188.2161878,112,0,32.25,53.7672453,44660.38477,687.0828426,1698.0,3777.495678,9402.0,20.0,481.0,240.5,265.1650429,428.0,53.0,9783.0,3261.0,5320.994362,9402.0,20.0,0,0,0,0,72,92,294.4640754,392.6187672,0,326,56.875,115.4066568,13318.69643,0,0,1,1,0,0,0,1,1,65.0,108.6666667,32.25,0,0,0,0,0,0,3,326,4,129,8192,219,1,20,0.0,0.0,0.0,0.0,0.0,0.0,0.0,0.0,Bot
8080,6,02/03/2018 10:24:28,503,2,0,0,0,0,0,0.0,0.0,0,0,0.0,0.0,0.0,3976.143141,503.0,0.0,503.0,503.0,503.0,503.0,0.0,503.0,503.0,0.0,0.0,0.0,0.0,0.0,0,0,0,0,40,0,3976.143141,0.0,0,0,0.0,0.0,0.0,0,0,0,0,1,0,0,0,0,0.0,0.0,0.0,0,0,0,0,0,0,2,0,0,0,2052,-1,0,20,0.0,0.0,0.0,0.0,0.0,0.0,0.0,0.0,Bot
8080,6,02/03/2018 10:24:30,10113,3,4,326,129,326,0,108.6666667,188.2161878,112,0,32.25,53.7672453,44991.59498,692.1783843,1685.5,3692.871769,9216.0,22.0,526.0,263.0,299.8132752,475.0,51.0,9660.0,3220.0,5194.495259,9216.0,85.0,0,0,0,0,72,92,296.647879,395.5305053,0,326,56.875,115.4066568,13318.69643,0,0,1,1,0,0,0,1,1,65.0,108.6666667,32.25,0,0,0,0,0,0,3,326,4,129,8192,219,1,20,0.0,0.0,0.0,0.0,0.0,0.0,0.0,0.0,Bot
8080,6,02/03/2018 10:24:30,458,2,0,0,0,0,0,0.0,0.0,0,0,0.0,0.0,0.0,4366.812227,458.0,0.0,458.0,458.0,458.0,458.0,0.0,458.0,458.0,0.0,0.0,0.0,0.0,0.0,0,0,0,0,40,0,4366.812227,0.0,0,0,0.0,0.0,0.0,0,0,0,0,1,0,0,0,0,0.0,0.0,0.0,0,0,0,0,0,0,2,0,0,0,2052,-1,0,20,0.0,0.0,0.0,0.0,0.0,0.0,0.0,0.0,Bot
8080,6,02/03/2018 10:24:32,10313,3,4,326,129,326,0,108.6666667,188.2161878,112,0,32.25,53.7672453,44119.07301,678.7549695,1718.833333,3837.964117,9546.0,1.0,478.0,239.0,265.8721497,427.0,51.0,9908.0,3302.666667,5409.880621,9546.0,1.0,0,0,0,0,72,92,290.8949869,387.8599825,0,326,56.875,115.4066568,13318.69643,0,0,1,1,0,0,0,1,1,65.0,108.6666667,32.25,0,0,0,0,0,0,3,326,4,129,8192,219,1,20,0.0,0.0,0.0,0.0,0.0,0.0,0.0,0.0,Bot
8080,6,02/03/2018 10:24:32,486,2,0,0,0,0,0,0.0,0.0,0,0,0.0,0.0,0.0,4115.226337,486.0,0.0,486.0,486.0,486.0,486.0,0.0,486.0,486.0,0.0,0.0,0.0,0.0,0.0,0,0,0,0,40,0,4115.226337,0.0,0,0,0.0,0.0,0.0,0,0,0,0,1,0,0,0,0,0.0,0.0,0.0,0,0,0,0,0,0,2,0,0,0,2052,-1,0,20,0.0,0.0,0.0,0.0,0.0,0.0,0.0,0.0,Bot
8080,6,02/03/2018 10:24:34,10607,3,4,326,129,326,0,108.6666667,188.2161878,112,0,32.25,53.7672453,42896.20062,659.941548,1767.833333,3949.424435,9823.0,15.0,499.0,249.5,262.3366158,435.0,64.0,10192.0,3397.333333,5567.371402,9823.0,15.0,0,0,0,0,72,92,282.832092,377.109456,0,326,56.875,115.4066568,13318.69643,0,0,1,1,0,0,0,1,1,65.0,108.6666667,32.25,0,0,0,0,0,0,3,326,4,129,8192,219,1,20,0.0,0.0,0.0,0.0,0.0,0.0,0.0,0.0,Bot
8080,6,02/03/2018 10:24:34,493,2,0,0,0,0,0,0.0,0.0,0,0,0.0,0.0,0.0,4056.795132,493.0,0.0,493.0,493.0,493.0,493.0,0.0,493.0,493.0,0.0,0.0,0.0,0.0,0.0,0,0,0,0,40,0,4056.795132,0.0,0,0,0.0,0.0,0.0,0,0,0,0,1,0,0,0,0,0.0,0.0,0.0,0,0,0,0,0,0,2,0,0,0,2052,-1,0,20,0.0,0.0,0.0,0.0,0.0,0.0,0.0,0.0,Bot
8080,6,02/03/2018 10:24:36,10989,3,4,326,129,326,0,108.6666667,188.2161878,112,0,32.25,53.7672453,41405.04141,637.000637,1831.5,4016.774614,10020.0,1.0,576.0,288.0,316.783838,512.0,64.0,10499.0,3499.666667,5651.808767,10020.0,1.0,0,0,0,0,72,92,273.000273,364.000364,0,326,56.875,115.4066568,13318.69643,0,0,1,1,0,0,0,1,1,65.0,108.6666667,32.25,0,0,0,0,0,0,3,326,4,129,8192,219,1,20,0.0,0.0,0.0,0.0,0.0,0.0,0.0,0.0,Bot
8080,6,02/03/2018 10:24:36,503,2,0,0,0,0,0,0.0,0.0,0,0,0.0,0.0,0.0,3976.143141,503.0,0.0,503.0,503.0,503.0,503.0,0.0,503.0,503.0,0.0,0.0,0.0,0.0,0.0,0,0,0,0,40,0,3976.143141,0.0,0,0,0.0,0.0,0.0,0,0,0,0,1,0,0,0,0,0.0,0.0,0.0,0,0,0,0,0,0,2,0,0,0,2052,-1,0,20,0.0,0.0,0.0,0.0,0.0,0.0,0.0,0.0,Bot
8080,6,02/03/2018 10:24:38,10841,3,4,326,129,326,0,108.6666667,188.2161878,112,0,32.25,53.7672453,41970.29794,645.6968914,1806.833333,4021.058886,10007.0,16.0,518.0,259.0,298.3990617,470.0,48.0,10387.0,3462.333333,5670.162285,10007.0,28.0,0,0,0,0,72,92,276.7272392,368.9696522,0,326,56.875,115.4066568,13318.69643,0,0,1,1,0,0,0,1,1,65.0,108.6666667,32.25,0,0,0,0,0,0,3,326,4,129,8192,219,1,20,0.0,0.0,0.0,0.0,0.0,0.0,0.0,0.0,Bot
8080,6,02/03/2018 10:24:38,478,2,0,0,0,0,0,0.0,0.0,0,0,0.0,0.0,0.0,4184.100418,478.0,0.0,478.0,478.0,478.0,478.0,0.0,478.0,478.0,0.0,0.0,0.0,0.0,0.0,0,0,0,0,40,0,4184.100418,0.0,0,0,0.0,0.0,0.0,0,0,0,0,1,0,0,0,0,0.0,0.0,0.0,0,0,0,0,0,0,2,0,0,0,2052,-1,0,20,0.0,0.0,0.0,0.0,0.0,0.0,0.0,0.0,Bot
8080,6,02/03/2018 10:24:40,11474,3,4,326,129,326,0,108.6666667,188.2161878,112,0,32.25,53.7672453,39654.87188,610.0749521,1912.333333,4260.91505,10601.0,1.0,552.0,276.0,313.9554108,498.0,54.0,10992.0,3664.0,6010.765925,10601.0,1.0,0,0,0,0,72,92,261.4606937,348.6142583,0,326,56.875,115.4066568,13318.69643,0,0,1,1,0,0,0,1,1,65.0,108.6666667,32.25,0,0,0,0,0,0,3,326,4,129,8192,219,1,20,0.0,0.0,0.0,0.0,0.0,0.0,0.0,0.0,Bot
8080,6,02/03/2018 10:24:40,522,2,0,0,0,0,0,0.0,0.0,0,0,0.0,0.0,0.0,3831.417625,522.0,0.0,522.0,522.0,522.0,522.0,0.0,522.0,522.0,0.0,0.0,0.0,0.0,0.0,0,0,0,0,40,0,3831.417625,0.0,0,0,0.0,0.0,0.0,0,0,0,0,1,0,0,0,0,0.0,0.0,0.0,0,0,0,0,0,0,2,0,0,0,2052,-1,0,20,0.0,0.0,0.0,0.0,0.0,0.0,0.0,0.0,Bot
8080,6,02/03/2018 10:24:42,9966,3,4,326,129,326,0,108.6666667,188.2161878,112,0,32.25,53.7672453,45655.22777,702.3881196,1661.0,3677.513453,9159.0,1.0,516.0,258.0,294.156421,466.0,50.0,9519.0,3173.0,5187.117504,9159.0,1.0,0,0,0,0,72,92,301.0234798,401.3646398,0,326,56.875,115.4066568,13318.69643,0,0,1,1,0,0,0,1,1,65.0,108.6666667,32.25,0,0,0,0,0,0,3,326,4,129,8192,219,1,20,0.0,0.0,0.0,0.0,0.0,0.0,0.0,0.0,Bot
8080,6,02/03/2018 10:24:42,503,2,0,0,0,0,0,0.0,0.0,0,0,0.0,0.0,0.0,3976.143141,503.0,0.0,503.0,503.0,503.0,503.0,0.0,503.0,503.0,0.0,0.0,0.0,0.0,0.0,0,0,0,0,40,0,3976.143141,0.0,0,0,0.0,0.0,0.0,0,0,0,0,1,0,0,0,0,0.0,0.0,0.0,0,0,0,0,0,0,2,0,0,0,2052,-1,0,20,0.0,0.0,0.0,0.0,0.0,0.0,0.0,0.0,Bot
8080,6,02/03/2018 10:24:44,10337,3,4,326,129,326,0,108.6666667,188.2161878,112,0,32.25,53.7672453,44016.63926,677.1790655,1722.833333,3755.566291,9379.0,16.0,603.0,301.5,324.5620126,531.0,72.0,9822.0,3274.0,5289.769466,9379.0,53.0,0,0,0,0,72,92,290.2195995,386.959466,0,326,56.875,115.4066568,13318.69643,0,0,1,1,0,0,0,1,1,65.0,108.6666667,32.25,0,0,0,0,0,0,3,326,4,129,8192,219,1,20,0.0,0.0,0.0,0.0,0.0,0.0,0.0,0.0,Bot
8080,6,02/03/2018 10:24:44,630,2,0,0,0,0,0,0.0,0.0,0,0,0.0,0.0,0.0,3174.603175,630.0,0.0,630.0,630.0,630.0,630.0,0.0,630.0,630.0,0.0,0.0,0.0,0.0,0.0,0,0,0,0,40,0,3174.603175,0.0,0,0,0.0,0.0,0.0,0,0,0,0,1,0,0,0,0,0.0,0.0,0.0,0,0,0,0,0,0,2,0,0,0,256,-1,0,20,0.0,0.0,0.0,0.0,0.0,0.0,0.0,0.0,Bot
8080,6,02/03/2018 10:24:46,10295,3,4,326,129,326,0,108.6666667,188.2161878,112,0,32.25,53.7672453,44196.21175,679.9417193,1715.833333,3802.977697,9471.0,17.0,512.0,256.0,278.6000718,453.0,59.0,9863.0,3287.666667,5357.914644,9471.0,17.0,0,0,0,0,72,92,291.403594,388.5381253,0,326,56.875,115.4066568,13318.69643,0,0,1,1,0,0,0,1,1,65.0,108.6666667,32.25,0,0,0,0,0,0,3,326,4,129,8192,219,1,20,0.0,0.0,0.0,0.0,0.0,0.0,0.0,0.0,Bot
8080,6,02/03/2018 10:24:46,499,2,0,0,0,0,0,0.0,0.0,0,0,0.0,0.0,0.0,4008.016032,499.0,0.0,499.0,499.0,499.0,499.0,0.0,499.0,499.0,0.0,0.0,0.0,0.0,0.0,0,0,0,0,40,0,4008.016032,0.0,0,0,0.0,0.0,0.0,0,0,0,0,1,0,0,0,0,0.0,0.0,0.0,0,0,0,0,0,0,2,0,0,0,2052,-1,0,20,0.0,0.0,0.0,0.0,0.0,0.0,0.0,0.0,Bot
8080,6,02/03/2018 10:24:48,10261,3,4,326,129,326,0,108.6666667,188.2161878,112,0,32.25,53.7672453,44342.65666,682.1947179,1710.166667,3788.081595,9434.0,11.0,508.0,254.0,292.7422074,461.0,47.0,9816.0,3272.0,5339.483402,9434.0,11.0,0,0,0,0,72,92,292.3691648,389.8255531,0,326,56.875,115.4066568,13318.69643,0,0,1,1,0,0,0,1,1,65.0,108.6666667,32.25,0,0,0,0,0,0,3,326,4,129,8192,219,1,20,0.0,0.0,0.0,0.0,0.0,0.0,0.0,0.0,Bot
8080,6,02/03/2018 10:24:48,480,2,0,0,0,0,0,0.0,0.0,0,0,0.0,0.0,0.0,4166.666667,480.0,0.0,480.0,480.0,480.0,480.0,0.0,480.0,480.0,0.0,0.0,0.0,0.0,0.0,0,0,0,0,40,0,4166.666667,0.0,0,0,0.0,0.0,0.0,0,0,0,0,1,0,0,0,0,0.0,0.0,0.0,0,0,0,0,0,0,2,0,0,0,2052,-1,0,20,0.0,0.0,0.0,0.0,0.0,0.0,0.0,0.0,Bot
8080,6,02/03/2018 10:24:50,10623,3,4,326,129,326,0,108.6666667,188.2161878,112,0,32.25,53.7672453,42831.59183,658.9475666,1770.5,3922.622834,9768.0,1.0,559.0,279.5,324.5620126,509.0,50.0,10134.0,3378.0,5536.894346,9768.0,1.0,0,0,0,0,72,92,282.4061,376.5414666,0,326,56.875,115.4066568,13318.69643,0,0,1,1,0,0,0,1,1,65.0,108.6666667,32.25,0,0,0,0,0,0,3,326,4,129,8192,219,1,20,0.0,0.0,0.0,0.0,0.0,0.0,0.0,0.0,Bot
8080,6,02/03/2018 10:24:50,505,2,0,0,0,0,0,0.0,0.0,0,0,0.0,0.0,0.0,3960.39604,505.0,0.0,505.0,505.0,505.0,505.0,0.0,505.0,505.0,0.0,0.0,0.0,0.0,0.0,0,0,0,0,40,0,3960.39604,0.0,0,0,0.0,0.0,0.0,0,0,0,0,1,0,0,0,0,0.0,0.0,0.0,0,0,0,0,0,0,2,0,0,0,2052,-1,0,20,0.0,0.0,0.0,0.0,0.0,0.0,0.0,0.0,Bot
8080,6,02/03/2018 10:24:52,11298,3,4,326,129,326,0,108.6666667,188.2161878,112,0,32.25,53.7672453,40272.61462,619.5786865,1883.0,4100.235066,10240.0,16.0,652.0,326.0,388.9087297,601.0,51.0,10713.0,3571.0,5778.631412,10240.0,47.0,0,0,0,0,72,92,265.5337228,354.0449637,0,326,56.875,115.4066568,13318.69643,0,0,1,1,0,0,0,1,1,65.0,108.6666667,32.25,0,0,0,0,0,0,3,326,4,129,8192,219,1,20,0.0,0.0,0.0,0.0,0.0,0.0,0.0,0.0,Bot
8080,6,02/03/2018 10:24:53,472,2,0,0,0,0,0,0.0,0.0,0,0,0.0,0.0,0.0,4237.288136,472.0,0.0,472.0,472.0,472.0,472.0,0.0,472.0,472.0,0.0,0.0,0.0,0.0,0.0,0,0,0,0,40,0,4237.288136,0.0,0,0,0.0,0.0,0.0,0,0,0,0,1,0,0,0,0,0.0,0.0,0.0,0,0,0,0,0,0,2,0,0,0,256,-1,0,20,0.0,0.0,0.0,0.0,0.0,0.0,0.0,0.0,Bot
8080,6,02/03/2018 10:24:55,10603,3,4,326,129,326,0,108.6666667,188.2161878,112,0,32.25,53.7672453,42912.38329,660.1905121,1767.166667,3889.72397,9697.0,1.0,554.0,277.0,312.5411973,498.0,56.0,10125.0,3375.0,5479.154314,9697.0,1.0,0,0,0,0,72,92,282.9387909,377.2517212,0,326,56.875,115.4066568,13318.69643,0,0,1,1,0,0,0,1,1,65.0,108.6666667,32.25,0,0,0,0,0,0,3,326,4,129,8192,219,1,20,0.0,0.0,0.0,0.0,0.0,0.0,0.0,0.0,Bot
8080,6,02/03/2018 10:24:55,476,2,0,0,0,0,0,0.0,0.0,0,0,0.0,0.0,0.0,4201.680672,476.0,0.0,476.0,476.0,476.0,476.0,0.0,476.0,476.0,0.0,0.0,0.0,0.0,0.0,0,0,0,0,40,0,4201.680672,0.0,0,0,0.0,0.0,0.0,0,0,0,0,1,0,0,0,0,0.0,0.0,0.0,0,0,0,0,0,0,2,0,0,0,2052,-1,0,20,0.0,0.0,0.0,0.0,0.0,0.0,0.0,0.0,Bot
8080,6,02/03/2018 10:24:57,10447,3,4,326,129,326,0,108.6666667,188.2161878,112,0,32.25,53.7672453,43553.17316,670.0488178,1741.166667,3815.256081,9521.0,18.0,439.0,219.5,238.2949853,388.0,51.0,10077.0,3359.0,5340.657918,9521.0,66.0,0,0,0,0,72,92,287.1637791,382.8850388,0,326,56.875,115.4066568,13318.69643,0,0,1,1,0,0,0,1,1,65.0,108.6666667,32.25,0,0,0,0,0,0,3,326,4,129,8192,219,1,20,0.0,0.0,0.0,0.0,0.0,0.0,0.0,0.0,Bot
8080,6,02/03/2018 10:24:57,465,2,0,0,0,0,0,0.0,0.0,0,0,0.0,0.0,0.0,4301.075269,465.0,0.0,465.0,465.0,465.0,465.0,0.0,465.0,465.0,0.0,0.0,0.0,0.0,0.0,0,0,0,0,40,0,4301.075269,0.0,0,0,0.0,0.0,0.0,0,0,0,0,1,0,0,0,0,0.0,0.0,0.0,0,0,0,0,0,0,2,0,0,0,2052,-1,0,20,0.0,0.0,0.0,0.0,0.0,0.0,0.0,0.0,Bot
8080,6,02/03/2018 10:24:59,10507,3,4,326,129,326,0,108.6666667,188.2161878,112,0,32.25,53.7672453,43304.46369,666.2225183,1751.166667,3933.981668,9775.0,1.0,466.0,233.0,258.8010819,416.0,50.0,10111.0,3370.333333,5549.117527,9775.0,1.0,0,0,0,0,72,92,285.5239364,380.6985819,0,326,56.875,115.4066568,13318.69643,0,0,1,1,0,0,0,1,1,65.0,108.6666667,32.25,0,0,0,0,0,0,3,326,4,129,8192,219,1,20,0.0,0.0,0.0,0.0,0.0,0.0,0.0,0.0,Bot
8080,6,02/03/2018 10:24:59,485,2,0,0,0,0,0,0.0,0.0,0,0,0.0,0.0,0.0,4123.71134,485.0,0.0,485.0,485.0,485.0,485.0,0.0,485.0,485.0,0.0,0.0,0.0,0.0,0.0,0,0,0,0,40,0,4123.71134,0.0,0,0,0.0,0.0,0.0,0,0,0,0,1,0,0,0,0,0.0,0.0,0.0,0,0,0,0,0,0,2,0,0,0,2052,-1,0,20,0.0,0.0,0.0,0.0,0.0,0.0,0.0,0.0,Bot
8080,6,02/03/2018 10:25:01,12051,3,4,326,129,326,0,108.6666667,188.2161878,112,0,32.25,53.7672453,37756.2028,580.8646585,2008.5,4090.319389,10286.0,1.0,1478.0,739.0,971.5647174,1426.0,52.0,10647.0,3549.0,5837.173717,10286.0,1.0,0,0,0,0,72,92,248.9419965,331.922662,0,326,56.875,115.4066568,13318.69643,0,0,1,1,0,0,0,1,1,65.0,108.6666667,32.25,0,0,0,0,0,0,3,326,4,129,8192,219,1,20,0.0,0.0,0.0,0.0,0.0,0.0,0.0,0.0,Bot
8080,6,02/03/2018 10:25:01,530,2,0,0,0,0,0,0.0,0.0,0,0,0.0,0.0,0.0,3773.584906,530.0,0.0,530.0,530.0,530.0,530.0,0.0,530.0,530.0,0.0,0.0,0.0,0.0,0.0,0,0,0,0,40,0,3773.584906,0.0,0,0,0.0,0.0,0.0,0,0,0,0,1,0,0,0,0,0.0,0.0,0.0,0,0,0,0,0,0,2,0,0,0,256,-1,0,20,0.0,0.0,0.0,0.0,0.0,0.0,0.0,0.0,Bot
8080,6,02/03/2018 10:25:03,10376,3,4,326,129,326,0,108.6666667,188.2161878,112,0,32.25,53.7672453,43851.19507,674.6337702,1729.333333,3744.035986,9361.0,20.0,523.0,261.5,311.8340905,482.0,41.0,9914.0,3304.666667,5249.322845,9361.0,62.0,0,0,0,0,72,92,289.1287587,385.5050116,0,326,56.875,115.4066568,13318.69643,0,0,1,1,0,0,0,1,1,65.0,108.6666667,32.25,0,0,0,0,0,0,3,326,4,129,8192,219,1,20,0.0,0.0,0.0,0.0,0.0,0.0,0.0,0.0,Bot
8080,6,02/03/2018 10:25:03,451,2,0,0,0,0,0,0.0,0.0,0,0,0.0,0.0,0.0,4434.5898,451.0,0.0,451.0,451.0,451.0,451.0,0.0,451.0,451.0,0.0,0.0,0.0,0.0,0.0,0,0,0,0,40,0,4434.5898,0.0,0,0,0.0,0.0,0.0,0,0,0,0,1,0,0,0,0,0.0,0.0,0.0,0,0,0,0,0,0,2,0,0,0,2052,-1,0,20,0.0,0.0,0.0,0.0,0.0,0.0,0.0,0.0,Bot
8080,6,02/03/2018 10:25:05,10688,3,4,326,129,326,0,108.6666667,188.2161878,112,0,32.25,53.7672453,42571.10778,654.9401198,1781.333333,3883.037093,9695.0,1.0,611.0,305.5,357.0889245,558.0,53.0,10152.0,3384.0,5470.2191,9695.0,1.0,0,0,0,0,72,92,280.6886228,374.251497,0,326,56.875,115.4066568,13318.69643,0,0,1,1,0,0,0,1,1,65.0,108.6666667,32.25,0,0,0,0,0,0,3,326,4,129,8192,219,1,20,0.0,0.0,0.0,0.0,0.0,0.0,0.0,0.0,Bot
8080,6,02/03/2018 10:25:05,571,2,0,0,0,0,0,0.0,0.0,0,0,0.0,0.0,0.0,3502.62697,571.0,0.0,571.0,571.0,571.0,571.0,0.0,571.0,571.0,0.0,0.0,0.0,0.0,0.0,0,0,0,0,40,0,3502.62697,0.0,0,0,0.0,0.0,0.0,0,0,0,0,1,0,0,0,0,0.0,0.0,0.0,0,0,0,0,0,0,2,0,0,0,2052,-1,0,20,0.0,0.0,0.0,0.0,0.0,0.0,0.0,0.0,Bot
8080,6,02/03/2018 10:25:07,10724,3,4,326,129,326,0,108.6666667,188.2161878,112,0,32.25,53.7672453,42428.19843,652.7415144,1787.333333,3919.110852,9775.0,2.0,630.0,315.0,371.9381669,578.0,52.0,10167.0,3389.0,5533.839806,9775.0,2.0,0,0,0,0,72,92,279.7463633,372.9951511,0,326,56.875,115.4066568,13318.69643,0,0,1,1,0,0,0,1,1,65.0,108.6666667,32.25,0,0,0,0,0,0,3,326,4,129,8192,219,1,20,0.0,0.0,0.0,0.0,0.0,0.0,0.0,0.0,Bot
8080,6,02/03/2018 10:25:07,481,2,0,0,0,0,0,0.0,0.0,0,0,0.0,0.0,0.0,4158.004158,481.0,0.0,481.0,481.0,481.0,481.0,0.0,481.0,481.0,0.0,0.0,0.0,0.0,0.0,0,0,0,0,40,0,4158.004158,0.0,0,0,0.0,0.0,0.0,0,0,0,0,1,0,0,0,0,0.0,0.0,0.0,0,0,0,0,0,0,2,0,0,0,2052,-1,0,20,0.0,0.0,0.0,0.0,0.0,0.0,0.0,0.0,Bot
8080,6,02/03/2018 10:25:09,11290,3,4,326,129,326,0,108.6666667,188.2161878,112,0,32.25,53.7672453,40301.15146,620.0177148,1881.666667,4152.193477,10346.0,1.0,627.0,313.5,368.402633,574.0,53.0,10738.0,3579.333333,5863.34873,10346.0,1.0,0,0,0,0,72,92,265.7218778,354.295837,0,326,56.875,115.4066568,13318.69643,0,0,1,1,0,0,0,1,1,65.0,108.6666667,32.25,0,0,0,0,0,0,3,326,4,129,8192,219,1,20,0.0,0.0,0.0,0.0,0.0,0.0,0.0,0.0,Bot
8080,6,02/03/2018 10:25:09,490,2,0,0,0,0,0,0.0,0.0,0,0,0.0,0.0,0.0,4081.632653,490.0,0.0,490.0,490.0,490.0,490.0,0.0,490.0,490.0,0.0,0.0,0.0,0.0,0.0,0,0,0,0,40,0,4081.632653,0.0,0,0,0.0,0.0,0.0,0,0,0,0,1,0,0,0,0,0.0,0.0,0.0,0,0,0,0,0,0,2,0,0,0,2052,-1,0,20,0.0,0.0,0.0,0.0,0.0,0.0,0.0,0.0,Bot
8080,6,02/03/2018 10:25:11,10138,3,4,326,129,326,0,108.6666667,188.2161878,112,0,32.25,53.7672453,44880.64707,690.4714934,1689.666667,3728.625252,9292.0,1.0,520.0,260.0,296.9848481,470.0,50.0,9699.0,3233.0,5251.153873,9292.0,1.0,0,0,0,0,72,92,295.9163543,394.5551391,0,326,56.875,115.4066568,13318.69643,0,0,1,1,0,0,0,1,1,65.0,108.6666667,32.25,0,0,0,0,0,0,3,326,4,129,8192,219,1,20,0.0,0.0,0.0,0.0,0.0,0.0,0.0,0.0,Bot
8080,6,02/03/2018 10:25:11,496,2,0,0,0,0,0,0.0,0.0,0,0,0.0,0.0,0.0,4032.258065,496.0,0.0,496.0,496.0,496.0,496.0,0.0,496.0,496.0,0.0,0.0,0.0,0.0,0.0,0,0,0,0,40,0,4032.258065,0.0,0,0,0.0,0.0,0.0,0,0,0,0,1,0,0,0,0,0.0,0.0,0.0,0,0,0,0,0,0,2,0,0,0,2052,-1,0,20,0.0,0.0,0.0,0.0,0.0,0.0,0.0,0.0,Bot
8080,6,02/03/2018 10:25:13,10595,3,4,326,129,326,0,108.6666667,188.2161878,112,0,32.25,53.7672453,42944.78528,660.6890042,1765.833333,3896.619839,9710.0,1.0,594.0,297.0,325.2691193,527.0,67.0,10091.0,3363.666667,5499.35181,9710.0,1.0,0,0,0,0,72,92,283.1524304,377.5365739,0,326,56.875,115.4066568,13318.69643,0,0,1,1,0,0,0,1,1,65.0,108.6666667,32.25,0,0,0,0,0,0,3,326,4,129,8192,219,1,20,0.0,0.0,0.0,0.0,0.0,0.0,0.0,0.0,Bot
8080,6,02/03/2018 10:25:13,483,2,0,0,0,0,0,0.0,0.0,0,0,0.0,0.0,0.0,4140.786749,483.0,0.0,483.0,483.0,483.0,483.0,0.0,483.0,483.0,0.0,0.0,0.0,0.0,0.0,0,0,0,0,40,0,4140.786749,0.0,0,0,0.0,0.0,0.0,0,0,0,0,1,0,0,0,0,0.0,0.0,0.0,0,0,0,0,0,0,2,0,0,0,2052,-1,0,20,0.0,0.0,0.0,0.0,0.0,0.0,0.0,0.0,Bot
8080,6,02/03/2018 10:25:15,10078,3,4,326,129,326,0,108.6666667,188.2161878,112,0,32.25,53.7672453,45147.84679,694.5822584,1679.666667,3728.567267,9284.0,18.0,483.0,241.5,270.8218972,433.0,50.0,9663.0,3221.0,5252.591456,9284.0,49.0,0,0,0,0,72,92,297.6781107,396.9041476,0,326,56.875,115.4066568,13318.69643,0,0,1,1,0,0,0,1,1,65.0,108.6666667,32.25,0,0,0,0,0,0,3,326,4,129,8192,219,1,20,0.0,0.0,0.0,0.0,0.0,0.0,0.0,0.0,Bot
8080,6,02/03/2018 10:25:15,468,2,0,0,0,0,0,0.0,0.0,0,0,0.0,0.0,0.0,4273.504274,468.0,0.0,468.0,468.0,468.0,468.0,0.0,468.0,468.0,0.0,0.0,0.0,0.0,0.0,0,0,0,0,40,0,4273.504274,0.0,0,0,0.0,0.0,0.0,0,0,0,0,1,0,0,0,0,0.0,0.0,0.0,0,0,0,0,0,0,2,0,0,0,2052,-1,0,20,0.0,0.0,0.0,0.0,0.0,0.0,0.0,0.0,Bot
8080,6,02/03/2018 10:25:17,10133,3,4,326,129,326,0,108.6666667,188.2161878,112,0,32.25,53.7672453,44902.79286,690.8121978,1688.833333,3705.250729,9242.0,1.0,523.0,261.5,299.1061684,473.0,50.0,9680.0,3226.666667,5213.990826,9242.0,1.0,0,0,0,0,72,92,296.0623705,394.7498273,0,326,56.875,115.4066568,13318.69643,0,0,1,1,0,0,0,1,1,65.0,108.6666667,32.25,0,0,0,0,0,0,3,326,4,129,8192,219,1,20,0.0,0.0,0.0,0.0,0.0,0.0,0.0,0.0,Bot
8080,6,02/03/2018 10:25:17,482,2,0,0,0,0,0,0.0,0.0,0,0,0.0,0.0,0.0,4149.377593,482.0,0.0,482.0,482.0,482.0,482.0,0.0,482.0,482.0,0.0,0.0,0.0,0.0,0.0,0,0,0,0,40,0,4149.377593,0.0,0,0,0.0,0.0,0.0,0,0,0,0,1,0,0,0,0,0.0,0.0,0.0,0,0,0,0,0,0,2,0,0,0,2052,-1,0,20,0.0,0.0,0.0,0.0,0.0,0.0,0.0,0.0,Bot
8080,6,02/03/2018 10:25:19,10176,3,4,326,129,326,0,108.6666667,188.2161878,112,0,32.25,53.7672453,44713.05031,687.8930818,1696.0,3763.367216,9370.0,1.0,490.0,245.0,272.9432175,438.0,52.0,9759.0,3253.0,5301.010187,9370.0,1.0,0,0,0,0,72,92,294.8113208,393.081761,0,326,56.875,115.4066568,13318.69643,0,0,1,1,0,0,0,1,1,65.0,108.6666667,32.25,0,0,0,0,0,0,3,326,4,129,8192,219,1,20,0.0,0.0,0.0,0.0,0.0,0.0,0.0,0.0,Bot
8080,6,02/03/2018 10:25:19,687,2,0,0,0,0,0,0.0,0.0,0,0,0.0,0.0,0.0,2911.208151,687.0,0.0,687.0,687.0,687.0,687.0,0.0,687.0,687.0,0.0,0.0,0.0,0.0,0.0,0,0,0,0,40,0,2911.208151,0.0,0,0,0.0,0.0,0.0,0,0,0,0,1,0,0,0,0,0.0,0.0,0.0,0,0,0,0,0,0,2,0,0,0,2052,-1,0,20,0.0,0.0,0.0,0.0,0.0,0.0,0.0,0.0,Bot
8080,6,02/03/2018 10:25:21,11130,3,4,326,129,326,0,108.6666667,188.2161878,112,0,32.25,53.7672453,40880.50314,628.9308176,1855.0,4109.14687,10234.0,0.0,569.0,284.5,294.8635278,493.0,76.0,10657.0,3552.333333,5790.357013,10234.0,0.0,0,0,0,0,72,92,269.541779,359.3890386,0,326,56.875,115.4066568,13318.69643,0,0,1,1,0,0,0,1,1,65.0,108.6666667,32.25,0,0,0,0,0,0,3,326,4,129,8192,219,1,20,0.0,0.0,0.0,0.0,0.0,0.0,0.0,0.0,Bot
8080,6,02/03/2018 10:25:21,492,2,0,0,0,0,0,0.0,0.0,0,0,0.0,0.0,0.0,4065.04065,492.0,0.0,492.0,492.0,492.0,492.0,0.0,492.0,492.0,0.0,0.0,0.0,0.0,0.0,0,0,0,0,40,0,4065.04065,0.0,0,0,0.0,0.0,0.0,0,0,0,0,1,0,0,0,0,0.0,0.0,0.0,0,0,0,0,0,0,2,0,0,0,2052,-1,0,20,0.0,0.0,0.0,0.0,0.0,0.0,0.0,0.0,Bot
8080,6,02/03/2018 10:25:23,11422,3,4,326,129,326,0,108.6666667,188.2161878,112,0,32.25,53.7672453,39835.40536,612.8523901,1903.666667,4144.106064,10346.0,0.0,772.0,386.0,475.175757,722.0,50.0,10732.0,3577.333333,5865.013669,10346.0,0.0,0,0,0,0,72,92,262.6510243,350.2013658,0,326,56.875,115.4066568,13318.69643,0,0,1,1,0,0,0,1,1,65.0,108.6666667,32.25,0,0,0,0,0,0,3,326,4,129,8192,219,1,20,0.0,0.0,0.0,0.0,0.0,0.0,0.0,0.0,Bot
8080,6,02/03/2018 10:25:23,486,2,0,0,0,0,0,0.0,0.0,0,0,0.0,0.0,0.0,4115.226337,486.0,0.0,486.0,486.0,486.0,486.0,0.0,486.0,486.0,0.0,0.0,0.0,0.0,0.0,0,0,0,0,40,0,4115.226337,0.0,0,0,0.0,0.0,0.0,0,0,0,0,1,0,0,0,0,0.0,0.0,0.0,0,0,0,0,0,0,2,0,0,0,2052,-1,0,20,0.0,0.0,0.0,0.0,0.0,0.0,0.0,0.0,Bot
8080,6,02/03/2018 10:25:25,10690,3,4,326,129,326,0,108.6666667,188.2161878,112,0,32.25,53.7672453,42563.14312,654.8175865,1781.666667,3921.632194,9775.0,1.0,623.0,311.5,366.9884194,571.0,52.0,10139.0,3379.666667,5541.477902,9775.0,1.0,0,0,0,0,72,92,280.6361085,374.181478,0,326,56.875,115.4066568,13318.69643,0,0,1,1,0,0,0,1,1,65.0,108.6666667,32.25,0,0,0,0,0,0,3,326,4,129,8192,219,1,20,0.0,0.0,0.0,0.0,0.0,0.0,0.0,0.0,Bot
8080,6,02/03/2018 10:25:25,509,2,0,0,0,0,0,0.0,0.0,0,0,0.0,0.0,0.0,3929.273084,509.0,0.0,509.0,509.0,509.0,509.0,0.0,509.0,509.0,0.0,0.0,0.0,0.0,0.0,0,0,0,0,40,0,3929.273084,0.0,0,0,0.0,0.0,0.0,0,0,0,0,1,0,0,0,0,0.0,0.0,0.0,0,0,0,0,0,0,2,0,0,0,256,-1,0,20,0.0,0.0,0.0,0.0,0.0,0.0,0.0,0.0,Bot
8080,6,02/03/2018 10:25:27,10417,3,4,326,129,326,0,108.6666667,188.2161878,112,0,32.25,53.7672453,43678.60228,671.9784967,1736.166667,3786.334978,9451.0,1.0,703.0,351.5,402.3437585,636.0,67.0,9807.0,3269.0,5356.69413,9451.0,1.0,0,0,0,0,72,92,287.9907843,383.9877124,0,326,56.875,115.4066568,13318.69643,0,0,1,1,0,0,0,1,1,65.0,108.6666667,32.25,0,0,0,0,0,0,3,326,4,129,8192,219,1,20,0.0,0.0,0.0,0.0,0.0,0.0,0.0,0.0,Bot
8080,6,02/03/2018 10:25:27,505,2,0,0,0,0,0,0.0,0.0,0,0,0.0,0.0,0.0,3960.39604,505.0,0.0,505.0,505.0,505.0,505.0,0.0,505.0,505.0,0.0,0.0,0.0,0.0,0.0,0,0,0,0,40,0,3960.39604,0.0,0,0,0.0,0.0,0.0,0,0,0,0,1,0,0,0,0,0.0,0.0,0.0,0,0,0,0,0,0,2,0,0,0,2052,-1,0,20,0.0,0.0,0.0,0.0,0.0,0.0,0.0,0.0,Bot
8080,6,02/03/2018 10:25:29,10444,3,4,326,129,326,0,108.6666667,188.2161878,112,0,32.25,53.7672453,43565.68365,670.2412869,1740.666667,3801.39541,9488.0,22.0,640.0,320.0,380.4234483,589.0,51.0,9877.0,3292.333333,5368.312988,9488.0,24.0,0,0,0,0,72,92,287.2462658,382.9950211,0,326,56.875,115.4066568,13318.69643,0,0,1,1,0,0,0,1,1,65.0,108.6666667,32.25,0,0,0,0,0,0,3,326,4,129,8192,219,1,20,0.0,0.0,0.0,0.0,0.0,0.0,0.0,0.0,Bot
8080,6,02/03/2018 10:25:29,482,2,0,0,0,0,0,0.0,0.0,0,0,0.0,0.0,0.0,4149.377593,482.0,0.0,482.0,482.0,482.0,482.0,0.0,482.0,482.0,0.0,0.0,0.0,0.0,0.0,0,0,0,0,40,0,4149.377593,0.0,0,0,0.0,0.0,0.0,0,0,0,0,1,0,0,0,0,0.0,0.0,0.0,0,0,0,0,0,0,2,0,0,0,2052,-1,0,20,0.0,0.0,0.0,0.0,0.0,0.0,0.0,0.0,Bot
